HTR431-006 2455644.19538 10.4169595045 0.568096365014 ANU23 7000 0 0 0 0 0 0 0 0 0.592273 955.321
HTR432-004 2455644.22374 24.2061375641 0.422079957632 ANU23 7000 0 0 0 0 0 0 0 0 0.632222 707.87
HTR480-001 2455644.27426 0.196878675707 0.382819553279 ANU23 7000 0 0 0 0 0 0 0 0 0.658611 1200.0
HTR432-011 2455644.28771 -22.2293289304 0.28730626374 ANU23 7000 0 0 0 0 0 0 0 0 0.795 899.999
HTR432-011 2455646.22316 -25.7047746764 0.358226018162 ANU23 7000 0 0 0 0 0 0 0 0 0.783778 1200.0
HTR432-004 2455646.23897 -7.38964546442 0.463088412132 ANU23 7000 0 0 0 0 0 0 0 0 0.688222 1200.0
HTR433-003 2455646.25535 21.1885115797 0.375754960591 ANU23 7000 0 0 0 0 0 0 0 0 0.735333 899.999
HTR432-010 2455646.27308 -32.1683400188 0.376612195654 ANU23 7000 0 0 0 0 0 0 0 0 0.734444 999.999
HTR432-008 2455646.289 -7.02150762131 0.517280248082 ANU23 7000 0 0 0 0 0 0 0 0 0.669111 999.999
HTR384-008 2455646.30275 51.9534747186 0.408022396546 ANU23 7000 0 0 0 0 0 0 0 0 0.669778 899.999
HTR431-006 2455647.17051 -7.64929091681 0.674608888903 ANU23 7000 0 0 0 0 0 0 0 0 0.599524 1200.0
HTR432-004 2455647.18268 -25.8464922862 0.689887974321 ANU23 7000 0 0 0 0 0 0 0 0 0.589683 899.999
HTR432-004 2455647.19162 -30.58341718 0.594998399284 ANU23 7000 0 0 0 0 0 0 0 0 0.641111 599.999
HTR432-004 2455647.19814 -28.7124166819 0.581005907762 ANU23 7000 0 0 0 0 0 0 0 0 0.62254 299.999
HTR432-011 2455647.21574 -18.3199364771 0.610024492369 ANU23 7000 0 0 0 0 0 0 0 0 0.777143 599.999
HTR432-011 2455647.21882 -21.4731793567 0.630975420264 ANU23 7000 0 0 0 0 0 0 0 0 0.701905 199.999
HTR385-003 2455647.23117 -23.3491821706 0.788684395741 ANU23 7000 0 0 0 0 0 0 0 0 0.775 499.999
HTR384-008 2455647.24579 54.9083728833 0.811569291728 ANU23 7000 0 0 0 0 0 0 0 0 0.564127 499.999
HTR431-003 2455648.1412 7.76194455688 0.891218196239 ANU23 7000 0 0 0 0 0 0 0 0 0.621591 599.999
HTR431-006 2455648.14951 -9.74114430632 0.68932013006 ANU23 7000 0 0 0 0 0 0 0 0 0.534444 499.999
HTR480-002 2455648.15825 17.3776795356 1.55200893597 ANU23 7000 0 0 0 0 0 0 0 0 0.254074 499.999
HTR432-004 2455648.16552 -52.7127817779 0.739290361294 ANU23 7000 0 0 0 0 0 0 0 0 0.589556 299.999
HTR432-011 2455648.17221 -22.3786656764 0.559912882672 ANU23 7000 0 0 0 0 0 0 0 0 0.726667 299.999
HTR384-008 2455648.17934 50.5997159194 1.02815426767 ANU23 7000 0 0 0 0 0 0 0 0 0.460222 299.999
HTR432-008 2455648.18848 17.3856575166 0.777556538733 ANU23 7000 0 0 0 0 0 0 0 0 0.603333 399.999
HTR433-003 2455648.19634 20.6672217746 0.459283037571 ANU23 7000 0 0 0 0 0 0 0 0 0.656222 399.999
HTR384-010 2455648.20634 78.8214215171 0.773478680913 ANU23 7000 0 0 0 0 0 0 0 0 0.583333 499.999
HTR384-009 2455648.21837 -61.9638001138 1.70383587722 ANU23 7000 0 0 0 0 0 0 0 0 0.374 499.999
HTR432-014 2455648.24054 -18.4216787462 0.338989886026 ANU23 7000 0 0 0 0 0 0 0 0 0.743111 1200.0
HTR433-001 2455648.25148 -13.8273878999 0.523038370698 ANU23 7000 0 0 0 0 0 0 0 0 0.679333 899.999
HTR432-007 2455648.26404 9.35558421003 0.271805817345 ANU23 7000 0 0 0 0 0 0 0 0 0.788444 899.999
HTR431-002 2455648.2693 -60.8255777323 0.822351336044 ANU23 7000 0 0 0 0 0 0 0 0 0.649111 399.999
HTR384-008 2455648.27904 52.3816483899 0.632622219372 ANU23 7000 0 0 0 0 0 0 0 0 0.588889 499.999
HTR480-001 2455648.28681 -1.14391606584 0.492845069809 ANU23 7000 0 0 0 0 0 0 0 0 0.601333 399.999
HTR431-006 2455664.21142 -5.99035687008 0.675187236252 ANU23 7000 0 0 0 0 0 0 0 0 0.626222 899.999
HTR432-008 2455664.22557 9.90001490047 0.552411997246 ANU23 7000 0 0 0 0 0 0 0 0 0.641111 899.999
HTR431-003 2455664.25128 72.0852804404 0.476606530662 ANU23 7000 0 0 0 0 0 0 0 0 0.702667 1400.0
HTR385-003 2455664.25413 -25.6078449425 0.405100433758 ANU23 7000 0 0 0 0 0 0 0 0 0.787333 499.999
HTR432-014 2455664.27414 -17.7699191582 0.638801760461 ANU23 7000 0 0 0 0 0 0 0 0 0.722222 999.999
HTR480-002 2455664.29149 19.8159441958 1.02976628446 ANU23 7000 0 0 0 0 0 0 0 0 0.396 1100.0
HTR433-001 2455664.29383 -17.2100099951 0.524088438126 ANU23 7000 0 0 0 0 0 0 0 0 0.636889 299.999
HTR432-004 2455664.19296 -2.64327981963 0.74954669958 ANU23 7000 0 0 0 0 0 0 0 0 0.586 299.999
HTR432-004 2455666.17188 -52.0223686076 1.4264426138 ANU23 7000 0 0 0 0 0 0 0 0 0.270926 399.999
HTR432-007 2455666.18006 -2.919750452 0.756859979023 ANU23 7000 0 0 0 0 0 0 0 0 0.633016 399.999
HTR433-003 2455666.19286 19.0461918987 0.880042680906 ANU23 7000 0 0 0 0 0 0 0 0 0.33881 699.999
HTR432-004 2455666.20617 -49.1685105309 1.39249063681 ANU23 7000 0 0 0 0 0 0 0 0 0.281429 799.999
HTR432-010 2455666.22246 19.3558867606 0.776288999626 ANU23 7000 0 0 0 0 0 0 0 0 0.512698 999.999
HTR433-001 2455666.25354 12.8588768288 0.694790873305 ANU23 7000 0 0 0 0 0 0 0 0 0.544603 899.999
HTR431-006 2455666.272 -23.4652446245 1.56369887342 ANU23 7000 0 0 0 0 0 0 0 0 0.2715 1100.0
HTR431-006 2455666.30386 -21.3246825368 0.66179599132 ANU23 7000 0 0 0 0 0 0 0 0 0.52746 2000.0
HTR433-001 2455666.3013 13.2685760064 0.467436211811 ANU23 7000 0 0 0 0 0 0 0 0 0.68873 399.999
HTR432-004 2455666.30806 -52.8204491629 0.638675544796 ANU23 7000 0 0 0 0 0 0 0 0 0.551905 399.999
HTR433-003 2455666.31876 24.6078949631 0.587466347001 ANU23 7000 0 0 0 0 0 0 0 0 0.546667 599.999
HTR432-007 2455669.21427 -7.09676429515 0.226292908993 ANU23 7000 0 0 0 0 0 0 0 0 0.814583 499.999
HTR432-014 2455669.23312 -15.6970528652 0.301752540776 ANU23 7000 0 0 0 0 0 0 0 0 0.75625 1100.0
HTR480-002 2455669.25313 -17.2995199837 0.777051863541 ANU23 7000 0 0 0 0 0 0 0 0 0.356806 1300.0
HTR385-003 2455669.25531 -25.9949349803 0.281439226565 ANU23 7000 0 0 0 0 0 0 0 0 0.729028 399.999
HTR432-008 2455669.27556 3.75981438477 0.33363526131 ANU23 7000 0 0 0 0 0 0 0 0 0.654583 999.999
HTR432-010 2455669.28696 -31.7129056008 0.329750728857 ANU23 7000 0 0 0 0 0 0 0 0 0.704444 799.999
HTR384-009 2455669.30648 -77.3750168097 0.568546120083 ANU23 7000 0 0 0 0 0 0 0 0 0.4525 1200.0
HTR432-004 2455669.30805 19.1070342132 0.341214462987 ANU23 7000 0 0 0 0 0 0 0 0 0.647361 299.999
HTR433-001 2455669.31391 -17.7063532095 0.313491894322 ANU23 7000 0 0 0 0 0 0 0 0 0.720417 299.999
HTR432-004 2455669.32766 19.1153411526 0.362635328589 ANU23 7000 0 0 0 0 0 0 0 0 0.660694 299.999
HTR432-004 2455670.18255 29.391454322 0.570274897422 ANU23 7000 0 0 0 0 0 0 0 0 0.635397 299.999
HTR384-009 2455670.20114 80.0988491283 0.867786275113 ANU23 7000 0 0 0 0 0 0 0 0 0.437097 999.999
HTR432-007 2455670.20355 -18.3594805155 0.36916061091 ANU23 7000 0 0 0 0 0 0 0 0 0.747302 299.999
HTR432-008 2455670.21697 -8.44510859464 0.943560384609 ANU23 7000 0 0 0 0 0 0 0 0 0.539811 699.999
HTR432-014 2455670.23372 -16.2206224028 0.367007497879 ANU23 7000 0 0 0 0 0 0 0 0 0.719365 999.999
HTR433-001 2455670.23653 -12.2918639412 0.432987277251 ANU23 7000 0 0 0 0 0 0 0 0 0.645714 299.999
HTR431-006 2455670.25308 -22.2527152278 0.589434878824 ANU23 7000 0 0 0 0 0 0 0 0 0.614762 799.999
HTR431-003 2455670.27334 70.8880102443 0.354893837184 ANU23 7000 0 0 0 0 0 0 0 0 0.699206 1200.0
HTR385-003 2455670.27583 -27.5951042088 0.385930783732 ANU23 7000 0 0 0 0 0 0 0 0 0.769841 399.999
HTR384-009 2455670.29452 79.7913643786 0.868596867659 ANU23 7000 0 0 0 0 0 0 0 0 0.479556 999.999
HTR432-007 2455671.1878 -25.8397172532 0.390463957585 ANU23 7000 0 0 0 0 0 0 0 0 0.750694 299.999
HTR385-003 2455671.20434 -46.015715191 0.483926385924 ANU23 7000 0 0 0 0 0 0 0 0 0.622708 299.999
HTR431-003 2455671.22235 -28.6624208588 1.10813495029 ANU23 7000 0 0 0 0 0 0 0 0 0.401702 899.999
HTR432-008 2455671.23199 8.55225699195 0.471193040903 ANU23 7000 0 0 0 0 0 0 0 0 0.549155 699.999
HTR433-001 2455671.23576 5.28888524406 0.438512714521 ANU23 7000 0 0 0 0 0 0 0 0 0.609028 299.999
HTR432-004 2455671.24273 28.5583866069 0.488477146676 ANU23 7000 0 0 0 0 0 0 0 0 0.66125 299.999
HTR385-003 2455671.25066 -24.9857016839 0.433368066205 ANU23 7000 0 0 0 0 0 0 0 0 0.746389 499.999
HTR431-003 2455671.27278 61.7754551356 0.376058255558 ANU23 7000 0 0 0 0 0 0 0 0 0.696389 1200.0
HTR432-010 2455671.27718 -13.9663576309 0.375963680393 ANU23 7000 0 0 0 0 0 0 0 0 0.755139 499.999
HTR431-006 2455671.29419 1.78432765957 0.504958715623 ANU23 7000 0 0 0 0 0 0 0 0 0.646528 899.999
HTR432-005 2455671.30216 -20.1778497043 0.373541760729 ANU23 7000 0 0 0 0 0 0 0 0 0.670972 599.999
HTR384-008 2455671.31299 52.9964260537 0.761595651012 ANU23 7000 0 0 0 0 0 0 0 0 0.444583 599.999
HTR432-005 2455692.20978 -6.31304607635 0.601277365785 ANU23 7000 0 0 0 0 0 0 0 0 0.756032 599.999
HTR432-014 2455692.22665 -12.5093570627 0.511179906095 ANU23 7000 0 0 0 0 0 0 0 0 0.772381 999.999
HTR480-002 2455692.24329 15.1095863664 1.35601433564 ANU23 7000 0 0 0 0 0 0 0 0 0.376792 1100.0
HTR436-002 2455692.24655 8.24688615884 0.433127657906 ANU23 7000 0 0 0 0 0 0 0 0 0.787302 499.999
HTR388-015 2455692.2657 18.6001753195 0.4818887951 ANU23 7000 0 0 0 0 0 0 0 0 0.755873 1100.0
HTR437-001 2455692.28113 -14.0697657679 0.974412658658 ANU23 7000 0 0 0 0 0 0 0 0 0.531587 1100.0
HTR432-004 2455692.2865 -25.0435452073 0.622023181325 ANU23 7000 0 0 0 0 0 0 0 0 0.606032 299.999
HTR384-010 2455692.30656 50.884174454 0.610528048161 ANU23 7000 0 0 0 0 0 0 0 0 0.629841 999.999
HTR385-003 2455692.3103 -25.7958916714 0.420861225271 ANU23 7000 0 0 0 0 0 0 0 0 0.816825 399.999
HTR384-010 2455696.19015 66.6078396601 0.688317056098 ANU23 7000 0 0 0 0 0 0 0 0 0.601481 999.999
HTR385-003 2455696.1938 -24.9534222086 0.482425988348 ANU23 7000 0 0 0 0 0 0 0 0 0.768704 399.999
HTR388-015 2455696.20583 18.5719760261 0.456698980806 ANU23 7000 0 0 0 0 0 0 0 0 0.690741 799.999
HTR435-001 2455696.22454 68.1900879605 0.841276458587 ANU23 7000 0 0 0 0 0 0 0 0 0.65 999.999
HTR432-005 2455696.23597 -4.8215764217 0.558015986022 ANU23 7000 0 0 0 0 0 0 0 0 0.717593 699.999
HTR480-002 2455696.24847 19.1961269744 1.44995215668 ANU23 7000 0 0 0 0 0 0 0 0 0.30697 799.999
HTR432-008 2455696.26048 28.649522119 0.702614943914 ANU23 7000 0 0 0 0 0 0 0 0 0.558704 799.999
HTR436-002 2455696.26471 7.37689661348 0.525257600673 ANU23 7000 0 0 0 0 0 0 0 0 0.777407 499.999
HTR288-006 2455696.30016 -28.2926206302 0.463666703929 ANU23 7000 0 0 0 0 0 0 0 0 0.721111 999.999
HTR432-004 2455696.30344 13.6750347796 0.766374068331 ANU23 7000 0 0 0 0 0 0 0 0 0.599074 299.999
HTR432-010 2455696.31484 18.2487876109 0.599233984221 ANU23 7000 0 0 0 0 0 0 0 0 0.623519 599.999
HTR384-010 2455697.19395 5.17170627049 0.668428125642 ANU23 7000 0 0 0 0 0 0 0 0 0.665833 899.999
HTR388-015 2455697.20201 20.8301657396 0.690379649739 ANU23 7000 0 0 0 0 0 0 0 0 0.666528 699.999
HTR436-002 2455697.206 9.09372643587 0.757230532098 ANU23 7000 0 0 0 0 0 0 0 0 0.7175 299.999
HTR432-008 2455697.22013 16.0382954968 0.868021456876 ANU23 7000 0 0 0 0 0 0 0 0 0.5375 599.999
HTR432-010 2455697.22819 20.6435166416 0.663646702872 ANU23 7000 0 0 0 0 0 0 0 0 0.60375 499.999
HTR480-002 2455697.24557 -31.3722384953 0.961865653009 ANU23 7000 0 0 0 0 0 0 0 0 0.417708 999.999
HTR437-001 2455697.26129 54.5162515489 0.774283511486 ANU23 7000 0 0 0 0 0 0 0 0 0.546042 1100.72
HTR435-001 2455697.27288 69.7322721415 0.628131468035 ANU23 7000 0 0 0 0 0 0 0 0 0.560833 799.999
HTR288-006 2455697.28575 -23.1912354764 0.73183202127 ANU23 7000 0 0 0 0 0 0 0 0 0.695278 802.807
HTR436-001 2455697.29804 -41.9256331779 0.80978788531 ANU23 7000 0 0 0 0 0 0 0 0 0.546042 899.999
HTR431-002 2455649.13817 -61.0288202736 0.52027638219 ANU23 7000 0 0 0 0 0 0 0 0 0.677936 500.828
HTR431-006 2455649.1723 3.05223589739 0.707011555823 ANU23 7000 0 0 0 0 0 0 0 0 0.492381 499.999
HTR432-004 2455649.18008 -48.7398605098 0.500623354216 ANU23 7000 0 0 0 0 0 0 0 0 0.64873 399.999
HTR432-010 2455649.18852 5.92928547475 0.564674003692 ANU23 7000 0 0 0 0 0 0 0 0 0.589206 399.999
HTR431-006 2455649.20751 6.45471630694 0.586883691562 ANU23 7000 0 0 0 0 0 0 0 0 0.553492 599.999
HTR432-011 2455649.21348 -20.6531596413 0.497375470947 ANU23 7000 0 0 0 0 0 0 0 0 0.783016 399.999
HTR384-008 2455649.22486 55.3928348712 0.540593439641 ANU23 7000 0 0 0 0 0 0 0 0 0.655 599.999
HTR433-003 2455649.24624 19.8095699195 0.466029595707 ANU23 7000 0 0 0 0 0 0 0 0 0.648095 1200.0
HTR480-001 2455649.26899 -0.147647360047 0.639680691188 ANU23 7000 0 0 0 0 0 0 0 0 0.553065 1401.73
