# File generated by CMD 2.3 (http://stev.oapd.inaf.it/cmd) on Thu Jul 21 02:44:25 CEST 2011
# Basic reference: Marigo et al. (2008, A&A 482, 883) 
# but applying the corrections from Case A in Girardi et al. (2010, ApJ 724, 1030) 
# Photometric system: <i>UBVRIJHK</i> (cf. Maiz-Apellaniz 2006 + Bessell 1990)
# BCs of Carbon stars derive from Loidl et al. (2001)
# O-rich circumstellar dust ignored
# C-rich circumstellar dust ignored
# IMF: Chabrier (2001) lognormal 
# Kind of output: isochrone tables
#	Isochrone	Z = 0.01900		Age = 	5.000e+09 yr
# log(age/yr)	M_ini   	M_act	logL/Lo	logTe	logG	mbol    U       B       V       R       I       J       H       K	C/O	M_hec	period	pmode	logMdot	int_IMF
	9.70	0.1500000060	0.1500	-2.5076	3.5188	5.1427	11.039	16.036	14.555	12.983	11.852	10.475	9.214	8.669	8.417	0.4787	0.0000	0.0	1	-17.817	1.9609395266
	9.70	0.2000000030	0.2000	-2.2269	3.5403	5.0732	10.337	14.857	13.491	11.996	10.947	9.723	8.565	8.004	7.765	0.4787	0.0000	0.0	1	-17.692	2.2217822075
	9.70	0.2500000000	0.2500	-2.0314	3.5516	5.0198	9.849	14.135	12.826	11.370	10.360	9.213	8.103	7.530	7.300	0.4787	0.0000	0.0	1	-17.573	2.4080901146
	9.70	0.3000000119	0.3000	-1.8755	3.5609	4.9802	9.459	13.527	12.289	10.884	9.898	8.804	7.726	7.147	6.936	0.4787	0.0000	0.0	1	-16.636	2.5475041866
	9.70	0.3499999940	0.3500	-1.7434	3.5696	4.9498	9.129	13.004	11.832	10.473	9.507	8.458	7.404	6.822	6.628	0.4787	0.0000	0.0	1	-15.843	2.6555202007
	9.70	0.4000000060	0.4000	-1.6147	3.5773	4.9099	8.807	12.528	11.406	10.084	9.136	8.126	7.093	6.504	6.324	0.4787	0.0000	0.0	1	-15.157	2.7413372993
	9.70	0.4393247664	0.4393	-1.5196	3.5847	4.8853	8.569	12.160	11.058	9.756	8.832	7.888	6.883	6.273	6.108	0.4787	0.0000	0.0	1	-14.674	2.7972581387
	9.70	0.4499999881	0.4500	-1.4955	3.5866	4.8791	8.509	12.067	10.969	9.672	8.754	7.828	6.830	6.214	6.053	0.4787	0.0000	0.0	1	-14.551	2.8109800816
	9.70	0.5000000000	0.5000	-1.3725	3.5969	4.8431	8.201	11.576	10.499	9.228	8.347	7.521	6.567	5.913	5.775	0.4787	0.0000	0.0	1	-14.009	2.8684780598
	9.70	0.5500000119	0.5500	-1.2418	3.6085	4.8001	7.874	11.101	10.033	8.787	7.944	7.199	6.282	5.604	5.483	0.4787	0.0000	0.0	1	-13.519	2.9166350365
	9.70	0.5677654743	0.5678	-1.1939	3.6131	4.7845	7.755	10.930	9.864	8.628	7.800	7.081	6.177	5.494	5.378	0.4787	0.0000	0.0	1	-13.356	2.9318699837
	9.70	0.6000000238	0.5999	-1.1116	3.6210	4.7579	7.549	10.634	9.574	8.354	7.551	6.878	5.998	5.306	5.197	0.4787	0.0000	0.0	1	-13.072	2.9573988914
	9.70	0.6908879876	0.6908	-0.8610	3.6478	4.6755	6.923	9.601	8.638	7.512	6.801	6.242	5.447	4.786	4.701	0.4787	0.0000	0.0	1	-12.347	3.0173556805
	9.70	0.6999999881	0.6999	-0.8373	3.6503	4.6677	6.863	9.500	8.549	7.433	6.731	6.181	5.395	4.739	4.655	0.4787	0.0000	0.0	1	-12.280	3.0225379467
	9.70	0.7107332349	0.7106	-0.8053	3.6545	4.6591	6.783	9.346	8.422	7.323	6.636	6.098	5.326	4.683	4.603	0.4787	0.0000	0.0	1	-12.206	3.0284771919
	9.70	0.7777164578	0.7776	-0.6128	3.6797	4.6061	6.302	8.421	7.672	6.670	6.072	5.598	4.917	4.352	4.286	0.4787	0.0000	0.0	1	-11.740	3.0619442463
	9.70	0.8000000119	0.7998	-0.5507	3.6880	4.5895	6.147	8.123	7.439	6.468	5.897	5.441	4.789	4.250	4.188	0.4787	0.0000	0.0	1	-11.617	3.0718705654
	9.70	0.8429709077	0.8427	-0.4250	3.7080	4.5668	5.832	7.474	6.947	6.053	5.543	5.127	4.543	4.066	4.013	0.4787	0.0000	0.0	1	-11.508	3.0895111561
	9.70	0.8833534122	0.8831	-0.3105	3.7249	4.5401	5.546	6.923	6.527	5.699	5.234	4.848	4.319	3.889	3.843	0.4787	0.0000	0.0	1	-11.630	3.1044878960
	9.70	0.8999999762	0.8997	-0.2644	3.7312	4.5271	5.431	6.718	6.368	5.567	5.116	4.740	4.229	3.816	3.772	0.4787	0.0000	0.0	1	-11.747	3.1102609634
	9.70	0.9044671059	0.9041	-0.2518	3.7327	4.5228	5.399	6.665	6.326	5.531	5.083	4.710	4.204	3.795	3.751	0.4787	0.0000	0.0	1	-11.784	3.1117732525
	9.70	0.9318751097	0.9315	-0.1741	3.7418	4.4947	5.205	6.340	6.067	5.311	4.885	4.526	4.048	3.661	3.621	0.4787	0.0000	0.0	1	-12.052	3.1207261086
	9.70	0.9555811286	0.9551	-0.1076	3.7493	4.4690	5.039	6.068	5.848	5.125	4.714	4.368	3.912	3.545	3.507	0.4787	0.0000	0.0	1	-12.319	3.1280457973
	9.70	0.9764217138	0.9759	-0.0497	3.7555	4.4451	4.894	5.849	5.665	4.968	4.571	4.234	3.795	3.442	3.406	0.4787	0.0000	0.0	1	-12.562	3.1341798306
	9.70	0.9950370789	0.9944	0.0011	3.7605	4.4225	4.767	5.663	5.507	4.831	4.444	4.115	3.690	3.348	3.314	0.4787	0.0000	0.0	1	-12.777	3.1394364834
	9.70	1.0000000000	0.9994	0.0145	3.7618	4.4164	4.734	5.615	5.465	4.795	4.411	4.084	3.663	3.323	3.290	0.4787	0.0000	0.0	1	-12.833	3.1408040524
	9.70	1.0067558289	1.0061	0.0340	3.7635	4.4067	4.685	5.545	5.405	4.743	4.363	4.038	3.622	3.286	3.253	0.4787	0.0000	0.0	1	-12.908	3.1426427364
	9.70	1.0230158567	1.0223	0.0812	3.7674	4.3822	4.567	5.381	5.263	4.617	4.245	3.927	3.521	3.195	3.163	0.4787	0.0000	0.0	1	-13.081	3.1469609737
	9.70	1.0376242399	1.0368	0.1233	3.7707	4.3592	4.462	5.238	5.137	4.506	4.141	3.827	3.431	3.112	3.081	0.4787	0.0000	0.0	1	-13.227	3.1507158279
	9.70	1.0506583452	1.0498	0.1604	3.7734	4.3382	4.369	5.115	5.027	4.408	4.048	3.739	3.350	3.037	3.007	0.4787	0.0000	0.0	1	-13.348	3.1539711952
	9.70	1.0612897873	1.0604	0.1899	3.7754	4.3211	4.295	5.018	4.940	4.330	3.975	3.669	3.285	2.977	2.948	0.4787	0.0000	0.0	1	-13.442	3.1565623283
	9.70	1.0625343323	1.0616	0.1932	3.7756	4.3192	4.287	5.008	4.931	4.322	3.967	3.661	3.278	2.971	2.941	0.4787	0.0000	0.0	1	-13.452	3.1568620205
	9.70	1.0703418255	1.0694	0.2131	3.7767	4.3069	4.237	4.949	4.875	4.270	3.918	3.614	3.234	2.929	2.899	0.4787	0.0000	0.0	1	-13.516	3.1587250233
	9.70	1.0783418417	1.0773	0.2332	3.7778	4.2942	4.187	4.890	4.819	4.219	3.869	3.566	3.188	2.886	2.857	0.4787	0.0000	0.0	1	-13.579	3.1606035233
	9.70	1.0908665657	1.0898	0.2642	3.7791	4.2735	4.110	4.801	4.734	4.139	3.792	3.492	3.117	2.818	2.789	0.4787	0.0000	0.0	1	-13.671	3.1634848118
	9.70	1.0984070301	1.0973	0.2842	3.7799	4.2599	4.060	4.744	4.679	4.088	3.743	3.444	3.072	2.774	2.745	0.4787	0.0000	0.0	1	-13.723	3.1651854515
	9.70	1.1000000238	1.0988	0.2883	3.7801	4.2571	4.049	4.732	4.668	4.077	3.732	3.434	3.062	2.765	2.736	0.4787	0.0000	0.0	1	-13.734	3.1655414104
	9.70	1.1004554033	1.0993	0.2896	3.7802	4.2562	4.046	4.729	4.664	4.074	3.729	3.431	3.059	2.762	2.733	0.4787	0.0000	0.0	1	-13.737	3.1656429768
	9.70	1.1062800884	1.1051	0.3061	3.7808	4.2445	4.005	4.682	4.619	4.032	3.688	3.391	3.021	2.725	2.697	0.4787	0.0000	0.0	1	-13.774	3.1669342518
	9.70	1.1163320541	1.1150	0.3328	3.7813	4.2238	3.938	4.611	4.549	3.964	3.622	3.325	2.957	2.662	2.634	0.4787	0.0000	0.0	1	-13.836	3.1691284180
	9.70	1.1252617836	1.1239	0.3546	3.7812	4.2051	3.884	4.558	4.495	3.910	3.567	3.271	2.902	2.607	2.579	0.4787	0.0000	0.0	1	-13.887	3.1710422039
	9.70	1.1724319458	1.1706	0.5315	3.7825	4.0507	3.441	4.108	4.041	3.464	3.125	2.831	2.465	2.175	2.146	0.4787	0.0000	0.1	1	-14.106	3.1806297302
	9.70	1.1961643696	1.1940	0.5991	3.7732	3.9547	3.272	4.026	3.922	3.307	2.951	2.642	2.252	1.942	1.911	0.4787	0.0000	0.1	1	-14.189	3.1851453781
	9.70	1.2000000477	1.1977	0.6088	3.7713	3.9389	3.248	4.023	3.909	3.286	2.926	2.615	2.219	1.906	1.873	0.4787	0.0000	0.1	1	-14.201	3.1858570576
	9.70	1.2011675835	1.1989	0.6112	3.7707	3.9343	3.242	4.025	3.907	3.281	2.920	2.607	2.210	1.895	1.863	0.4787	0.0000	0.1	1	-14.205	3.1860728264
	9.70	1.2154023647	1.2129	0.6193	3.7512	3.8532	3.222	4.229	4.010	3.298	2.897	2.553	2.103	1.743	1.705	0.4787	0.0000	0.1	1	-14.246	3.1886663437
	9.70	1.2201869488	1.2176	0.5919	3.7370	3.8256	3.290	4.491	4.180	3.404	2.972	2.606	2.112	1.718	1.675	0.4787	0.0000	0.1	1	-14.259	3.1895234585
	9.70	1.2238434553	1.2212	0.5635	3.7239	3.8031	3.361	4.745	4.347	3.512	3.051	2.663	2.130	1.702	1.655	0.4787	0.0000	0.1	1	-14.269	3.1901736259
	9.70	1.2273154259	1.2246	0.5463	3.7119	3.7732	3.404	4.977	4.488	3.600	3.110	2.701	2.129	1.667	1.615	0.4787	0.0000	0.1	1	-14.278	3.1907868385
	9.70	1.2283591032	1.2256	0.5446	3.7087	3.7625	3.408	5.031	4.518	3.616	3.119	2.704	2.121	1.650	1.597	0.4787	0.0000	0.1	1	-14.281	3.1909706593
	9.70	1.2345033884	1.2317	0.5912	3.6972	3.6723	3.292	5.100	4.499	3.545	3.021	2.585	1.964	1.460	1.402	0.4787	0.0000	0.1	1	-14.296	3.1920449734
	9.70	1.2385591269	1.2356	0.6521	3.6928	3.5951	3.140	5.023	4.388	3.415	2.879	2.435	1.798	1.280	1.220	0.4787	0.0000	0.1	1	-14.306	3.1927480698
	9.70	1.2419936657	1.2390	0.7149	3.6900	3.5220	2.983	4.916	4.258	3.271	2.729	2.279	1.631	1.105	1.044	0.4787	0.0000	0.2	1	-14.314	3.1933393478
	9.70	1.2447718382	1.2417	0.7752	3.6878	3.4541	2.832	4.806	4.128	3.131	2.583	2.129	1.473	0.941	0.879	0.4787	0.0000	0.2	1	-14.320	3.1938152313
	9.70	1.2473911047	1.2442	0.8380	3.6859	3.3847	2.675	4.686	3.990	2.982	2.430	1.972	1.310	0.773	0.709	0.4787	0.0000	0.2	1	-14.325	3.1942617893
	9.70	1.2496902943	1.2464	0.9009	3.6840	3.3149	2.518	4.566	3.852	2.834	2.277	1.815	1.146	0.604	0.540	0.4787	0.0000	0.2	1	-14.330	3.1946518421
	9.70	1.2516645193	1.2482	0.9647	3.6820	3.2436	2.358	4.446	3.712	2.683	2.122	1.656	0.980	0.432	0.366	0.4787	0.0000	0.3	1	-14.334	3.1949858665
	9.70	1.2533620596	1.2498	1.0268	3.6799	3.1735	2.203	4.333	3.579	2.538	1.971	1.502	0.817	0.264	0.197	0.4787	0.0000	0.3	1	-14.338	3.1952719688
	9.70	1.2548723221	1.2511	1.0887	3.6775	3.1027	2.048	4.223	3.447	2.393	1.822	1.347	0.655	0.094	0.027	0.4787	0.0000	0.3	1	-14.341	3.1955258846
	9.70	1.2561488152	1.2523	1.1492	3.6751	3.0327	1.897	4.120	3.320	2.253	1.676	1.197	0.495	-0.072	-0.141	0.4787	0.0000	0.4	1	-14.343	3.1957399845
	9.70	1.2573591471	1.2533	1.2109	3.6726	2.9616	1.743	4.018	3.194	2.114	1.530	1.046	0.334	-0.241	-0.311	0.4787	0.0000	0.4	1	-14.345	3.1959424019
	9.70	1.2583632469	1.2541	1.2709	3.6700	2.8913	1.593	3.924	3.074	1.980	1.389	0.898	0.177	-0.407	-0.479	0.4787	0.0000	0.5	1	-14.347	3.1961102486
	9.70	1.2592664957	1.2548	1.3305	3.6674	2.8219	1.444	3.831	2.954	1.847	1.249	0.752	0.020	-0.571	-0.645	0.4787	0.0000	0.5	1	-14.348	3.1962609291
	9.70	1.2600556612	1.2554	1.3897	3.6647	2.7519	1.296	3.742	2.838	1.716	1.110	0.608	-0.135	-0.736	-0.811	0.4787	0.0000	0.6	1	-14.349	3.1963922977
	9.70	1.2608453035	1.2559	1.4521	3.6617	2.6777	1.140	3.651	2.716	1.578	0.964	0.455	-0.300	-0.910	-0.987	0.4787	0.0000	0.7	1	-14.350	3.1965234280
	9.70	1.2615404129	1.2563	1.5118	3.6587	2.6061	0.991	3.567	2.601	1.447	0.826	0.310	-0.457	-1.077	-1.157	0.4787	0.0000	0.8	1	-14.351	3.1966390610
	9.70	1.2623262405	1.2566	1.5612	3.6563	2.5473	0.867	3.495	2.505	1.338	0.710	0.189	-0.587	-1.215	-1.296	0.4787	0.0000	0.9	1	-14.352	3.1967692375
	9.70	1.2630474567	1.2570	1.5077	3.6595	2.6138	1.001	3.561	2.603	1.452	0.833	0.319	-0.445	-1.062	-1.141	0.4787	0.0000	0.8	1	-14.352	3.1968886852
	9.70	1.2635556459	1.2572	1.5671	3.6567	2.5430	0.852	3.475	2.486	1.321	0.694	0.174	-0.601	-1.228	-1.309	0.4787	0.0000	0.9	1	-14.353	3.1969728470
	9.70	1.2640831470	1.2574	1.6279	3.6534	2.4690	0.700	3.397	2.373	1.189	0.553	0.026	-0.763	-1.400	-1.483	0.4787	0.0000	1.0	1	-14.353	3.1970598698
	9.70	1.2645709515	1.2575	1.6896	3.6499	2.3935	0.546	3.324	2.259	1.056	0.411	-0.125	-0.927	-1.574	-1.660	0.4787	0.0000	1.1	1	-14.353	3.1971404552
	9.70	1.2650901079	1.2574	1.7662	3.6456	2.2999	0.355	3.242	2.126	0.899	0.240	-0.308	-1.129	-1.791	-1.879	0.4787	0.0000	1.3	1	-14.353	3.1972260475
	9.70	1.2654687166	1.2573	1.8272	3.6422	2.2252	0.202	3.178	2.020	0.774	0.104	-0.455	-1.290	-1.963	-2.054	0.4787	0.0000	1.5	1	-14.352	3.1972885132
	9.70	1.2658494711	1.2570	1.8932	3.6382	2.1430	0.037	3.118	1.909	0.641	-0.042	-0.612	-1.464	-2.152	-2.246	0.4787	0.0000	1.7	1	-14.351	3.1973512173
	9.70	1.2661308050	1.2566	1.9488	3.6347	2.0733	-0.102	3.069	1.817	0.529	-0.164	-0.744	-1.612	-2.311	-2.407	0.4787	0.0000	1.9	1	-14.350	3.1973974705
	9.70	1.2663789988	1.2562	2.0073	3.6310	1.9997	-0.248	3.021	1.722	0.412	-0.293	-0.884	-1.767	-2.479	-2.578	0.4787	0.0000	2.2	1	-14.349	3.1974384785
	9.70	1.2666271925	1.2556	2.0690	3.6268	1.9211	-0.402	2.981	1.625	0.292	-0.427	-1.029	-1.931	-2.657	-2.760	0.4787	0.0000	2.5	1	-14.347	3.1974792480
	9.70	1.2668435574	1.2549	2.1302	3.6229	1.8441	-0.555	2.943	1.532	0.175	-0.557	-1.174	-2.092	-2.832	-2.938	0.4787	0.0000	2.9	1	-14.344	3.1975147724
	9.70	1.2670552731	1.2539	2.1982	3.6180	1.7562	-0.726	2.921	1.444	0.058	-0.693	-1.332	-2.273	-3.029	-3.140	0.4787	0.0000	3.4	1	-14.342	3.1975495815
	9.70	1.2672085762	1.2530	2.2542	3.6144	1.6854	-0.865	2.895	1.365	-0.043	-0.809	-1.462	-2.421	-3.189	-3.303	0.4787	0.0000	3.8	1	-14.339	3.1975748539
	9.70	1.2673606873	1.2518	2.3149	3.6104	1.6084	-1.017	2.869	1.281	-0.153	-0.934	-1.604	-2.581	-3.363	-3.481	0.4787	0.0000	4.4	1	-14.335	3.1975996494
	9.70	1.2675106525	1.2503	2.3807	3.6063	1.5256	-1.182	2.838	1.187	-0.274	-1.071	-1.757	-2.754	-3.550	-3.672	0.4787	0.0000	5.0	1	-14.330	3.1976244450
	9.70	1.2676572800	1.2483	2.4529	3.6003	1.4288	-1.362	2.849	1.108	-0.390	-1.211	-1.922	-2.947	-3.763	-3.891	0.4787	0.0000	6.0	1	-14.324	3.1976485252
	9.70	1.2677571774	1.2466	2.5099	3.5961	1.3542	-1.505	2.823	1.051	-0.468	-1.308	-2.048	-3.100	-3.928	-4.061	0.4787	0.0000	6.8	1	-14.318	3.1976647377
	9.70	1.2678549290	1.2444	2.5726	3.5910	1.2705	-1.661	2.799	0.997	-0.544	-1.409	-2.184	-3.268	-4.111	-4.249	0.4787	0.0000	7.8	1	-14.311	3.1976809502
	9.70	1.2679390907	1.2420	2.6296	3.5865	1.1944	-1.804	2.776	0.947	-0.615	-1.502	-2.308	-3.421	-4.278	-4.421	0.4787	0.0000	9.0	1	-14.303	3.1976947784
	9.70	1.2680206299	1.2391	2.6917	3.5814	1.1112	-1.959	2.751	0.894	-0.692	-1.603	-2.442	-3.587	-4.460	-4.608	0.4787	0.0000	10.4	1	-14.293	3.1977081299
	9.70	1.2680906057	1.2359	2.7516	3.5761	1.0290	-2.109	2.735	0.852	-0.758	-1.696	-2.569	-3.748	-4.639	-4.792	0.4787	0.0000	12.0	1	-14.281	3.1977195740
	9.70	1.2681517601	1.2324	2.8096	3.5716	0.9515	-2.254	2.684	0.851	-0.769	-1.746	-2.672	-3.908	-4.810	-4.968	0.4787	0.0000	13.7	1	-14.268	3.1977295876
	9.70	1.2682101727	1.2282	2.8672	3.5662	0.8710	-2.398	2.628	0.895	-0.728	-1.759	-2.758	-4.071	-4.986	-5.148	0.4787	0.0000	15.8	1	-14.252	3.1977391243
	9.70	1.2682564259	1.2239	2.9203	3.5592	0.7882	-2.531	2.583	1.004	-0.616	-1.716	-2.814	-4.229	-5.162	-5.329	0.4787	0.0000	18.2	1	-14.234	3.1977467537
	9.70	1.2683086395	1.2179	2.9835	3.5537	0.7011	-2.689	2.482	1.030	-0.584	-1.739	-2.914	-4.407	-5.353	-5.524	0.4787	0.0000	21.3	1	-14.210	3.1977553368
	9.70	1.2683501244	1.2118	3.0382	3.5490	0.6252	-2.825	2.406	1.068	-0.539	-1.744	-2.990	-4.560	-5.519	-5.693	0.4787	0.0000	24.3	1	-14.080	3.1977620125
	9.70	1.2683895826	1.2046	3.0948	3.5415	0.5361	-2.967	2.488	1.288	-0.300	-1.609	-2.985	-4.723	-5.696	-5.880	0.4787	0.0000	28.5	1	-13.385	3.1977684498
	9.70	1.2684270144	1.1959	3.1528	3.5360	0.4528	-3.112	2.507	1.411	-0.164	-1.548	-3.022	-4.884	-5.867	-6.059	0.4787	0.0000	33.0	1	-12.726	3.1977746487
	9.70	1.2684588432	1.1867	3.2048	3.5296	0.3717	-3.242	2.565	1.591	0.033	-1.439	-3.026	-5.033	-6.028	-6.228	0.4787	0.0000	38.2	1	-12.077	3.1977798939
	9.70	1.2684907913	1.1750	3.2615	3.5237	0.2875	-3.384	2.604	1.740	0.194	-1.359	-3.046	-5.191	-6.196	-6.403	0.4787	0.0000	44.4	1	-11.393	3.1977851391
	9.70	1.2685166597	1.1633	3.3108	3.5177	0.2095	-3.507	2.709	1.960	0.416	-1.228	-3.012	-5.328	-6.342	-6.555	0.4787	0.0000	51.2	1	-10.731	3.1977894306
	9.70	1.2685425282	1.1489	3.3605	3.5116	0.1300	-3.631	2.813	2.178	0.636	-1.098	-2.979	-5.467	-6.489	-6.708	0.4787	0.0000	128.0	0	-10.076	3.1977937222
	9.70	1.2685438395	1.1480	3.3628	3.5114	0.1267	-3.637	2.815	2.184	0.641	-1.095	-2.980	-5.473	-6.496	-6.714	0.4787	0.0000	128.9	0	-10.050	3.1977939606
	9.70	1.2685438395	1.1478	1.6556	3.6650	2.4484	0.631	3.119	2.182	1.043	0.441	-0.059	-0.802	-1.396	-1.473	0.4787	0.0000	1.0	1	-14.008	3.1977939606
	9.70	1.2688138485	1.1481	1.6892	3.6625	2.4047	0.547	3.091	2.127	0.975	0.365	-0.140	-0.893	-1.496	-1.574	0.4787	0.0000	1.1	1	-14.009	3.1978380680
	9.70	1.2690387964	1.1484	1.6985	3.6620	2.3937	0.524	3.078	2.109	0.954	0.344	-0.163	-0.918	-1.522	-1.600	0.4787	0.0000	1.1	1	-14.010	3.1978750229
	9.70	1.2692309618	1.1486	1.6970	3.6623	2.3962	0.528	3.078	2.110	0.957	0.347	-0.160	-0.913	-1.517	-1.595	0.4787	0.0000	1.1	1	-14.011	3.1979062557
	9.70	1.2695900202	1.1490	1.6921	3.6629	2.4040	0.540	3.076	2.115	0.965	0.357	-0.148	-0.899	-1.500	-1.578	0.4787	0.0000	1.1	1	-14.013	3.1979651451
	9.70	1.2699508667	1.1494	1.6888	3.6633	2.4091	0.548	3.076	2.119	0.970	0.364	-0.140	-0.890	-1.489	-1.567	0.4787	0.0000	1.1	1	-14.015	3.1980240345
	9.70	1.2703164816	1.1498	1.6865	3.6636	2.4128	0.554	3.075	2.121	0.974	0.368	-0.135	-0.883	-1.482	-1.559	0.4787	0.0000	1.1	1	-14.017	3.1980838776
	9.70	1.2706856728	1.1502	1.6848	3.6640	2.4158	0.558	3.073	2.122	0.976	0.371	-0.131	-0.878	-1.476	-1.553	0.4787	0.0000	1.1	1	-14.019	3.1981441975
	9.70	1.2710584402	1.1506	1.6823	3.6643	2.4200	0.564	3.071	2.124	0.980	0.376	-0.125	-0.871	-1.467	-1.544	0.4787	0.0000	1.0	1	-14.021	3.1982049942
	9.70	1.2714320421	1.1511	1.6813	3.6646	2.4222	0.567	3.068	2.124	0.981	0.378	-0.123	-0.868	-1.463	-1.540	0.4787	0.0000	1.0	1	-14.023	3.1982660294
	9.70	1.2718268633	1.1515	1.6802	3.6649	2.4246	0.569	3.065	2.123	0.982	0.379	-0.121	-0.864	-1.459	-1.535	0.4787	0.0000	1.0	1	-14.025	3.1983301640
	9.70	1.2722157240	1.1519	1.6795	3.6653	2.4270	0.571	3.060	2.121	0.981	0.380	-0.120	-0.861	-1.454	-1.531	0.4787	0.0000	1.0	1	-14.027	3.1983935833
	9.70	1.2726004124	1.1524	1.6794	3.6656	2.4284	0.572	3.055	2.118	0.980	0.379	-0.120	-0.861	-1.452	-1.528	0.4787	0.0000	1.0	1	-14.029	3.1984562874
	9.70	1.2729711533	1.1528	1.6799	3.6657	2.4288	0.570	3.050	2.115	0.977	0.377	-0.121	-0.861	-1.453	-1.528	0.4787	0.0000	1.0	1	-14.031	3.1985163689
	9.70	1.2733446360	1.1532	1.6809	3.6659	2.4285	0.568	3.045	2.111	0.974	0.374	-0.124	-0.863	-1.454	-1.530	0.4787	0.0000	1.0	1	-14.032	3.1985771656
	9.70	1.2737206221	1.1536	1.6828	3.6659	2.4269	0.563	3.040	2.106	0.969	0.369	-0.129	-0.868	-1.459	-1.534	0.4787	0.0000	1.0	1	-14.034	3.1986382008
	9.70	1.2741200924	1.1541	1.6862	3.6662	2.4247	0.555	3.027	2.095	0.959	0.360	-0.137	-0.876	-1.466	-1.541	0.4787	0.0000	1.0	1	-14.036	3.1987030506
	9.70	1.2747075558	1.1548	1.6926	3.6657	2.4166	0.539	3.022	2.084	0.946	0.346	-0.153	-0.893	-1.485	-1.560	0.4787	0.0000	1.1	1	-14.039	3.1987984180
	9.70	1.2756295204	1.1558	1.7083	3.6648	2.3978	0.499	3.002	2.055	0.912	0.309	-0.191	-0.935	-1.529	-1.606	0.4787	0.0000	1.1	1	-14.044	3.1989476681
	9.70	1.2759398222	1.1562	1.7178	3.6643	2.3862	0.475	2.991	2.038	0.891	0.287	-0.214	-0.960	-1.556	-1.633	0.4787	0.0000	1.1	1	-14.045	3.1989979744
	9.70	1.2763307095	1.1566	1.7326	3.6634	2.3680	0.439	2.975	2.011	0.860	0.253	-0.250	-1.000	-1.598	-1.676	0.4787	0.0000	1.1	1	-14.047	3.1990611553
	9.70	1.2775019407	1.1579	1.8161	3.6573	2.2610	0.230	2.900	1.872	0.689	0.065	-0.452	-1.225	-1.843	-1.925	0.4787	0.0000	1.4	1	-14.053	3.1992502213
	9.70	1.2776020765	1.1580	1.8532	3.6543	2.2117	0.137	2.876	1.814	0.615	-0.017	-0.541	-1.327	-1.955	-2.038	0.4787	0.0000	1.5	1	-14.053	3.1992661953
	9.70	1.2776781321	1.1581	1.9212	3.6486	2.1208	-0.033	2.837	1.713	0.483	-0.165	-0.703	-1.512	-2.159	-2.246	0.4787	0.0000	1.8	1	-14.053	3.1992785931
	9.70	1.2777009010	1.1581	1.9728	3.6445	2.0530	-0.162	2.810	1.638	0.387	-0.274	-0.824	-1.651	-2.312	-2.402	0.4787	0.0000	2.0	1	-14.053	3.1992821693
	9.70	1.2777193785	1.1582	2.0865	3.6357	1.9041	-0.446	2.754	1.472	0.173	-0.516	-1.091	-1.956	-2.647	-2.744	0.4787	0.0000	2.6	1	-14.052	3.1992852688
	9.70	1.2777262926	1.1582	2.1584	3.6297	1.8084	-0.626	2.733	1.374	0.041	-0.667	-1.259	-2.149	-2.862	-2.963	0.4787	0.0000	3.0	1	-14.052	3.1992862225
	9.70	1.2777342796	1.1582	2.2352	3.6241	1.7091	-0.818	2.698	1.261	-0.104	-0.830	-1.440	-2.354	-3.086	-3.192	0.4787	0.0000	3.6	1	-14.051	3.1992876530
	9.70	1.2777464390	1.1582	2.2945	3.6190	1.6294	-0.966	2.702	1.198	-0.197	-0.944	-1.575	-2.513	-3.263	-3.373	0.4787	0.0000	4.1	1	-14.050	3.1992895603
	9.70	1.2777829170	1.1582	2.2239	3.6253	1.7249	-0.790	2.694	1.272	-0.088	-0.810	-1.414	-2.324	-3.051	-3.156	0.4787	0.0000	3.5	1	-14.051	3.1992955208
	9.70	1.2778289318	1.1583	2.1908	3.6277	1.7680	-0.707	2.708	1.320	-0.025	-0.739	-1.337	-2.235	-2.954	-3.057	0.4787	0.0000	3.2	1	-14.052	3.1993029118
	9.70	1.2779842615	1.1585	2.2536	3.6226	1.6848	-0.864	2.697	1.240	-0.134	-0.866	-1.482	-2.403	-3.140	-3.248	0.4787	0.0000	3.7	1	-14.052	3.1993279457
	9.70	1.2780807018	1.1586	2.3180	3.6173	1.5992	-1.025	2.696	1.168	-0.238	-0.991	-1.630	-2.576	-3.331	-3.443	0.4787	0.0000	4.3	1	-14.052	3.1993434429
	9.70	1.2781382799	1.1586	2.3815	3.6122	1.5151	-1.184	2.696	1.096	-0.341	-1.114	-1.775	-2.745	-3.518	-3.635	0.4787	0.0000	5.0	1	-14.051	3.1993527412
	9.70	1.2781921625	1.1587	2.4532	3.6065	1.4208	-1.363	2.698	1.012	-0.460	-1.256	-1.939	-2.936	-3.728	-3.851	0.4787	0.0000	5.9	1	-14.050	3.1993613243
	9.70	1.2782380581	1.1588	2.5209	3.5999	1.3267	-1.532	2.736	0.954	-0.558	-1.380	-2.091	-3.119	-3.933	-4.064	0.4787	0.0000	7.0	1	-14.048	3.1993687153
	9.70	1.2782729864	1.1588	2.5813	3.5940	1.2428	-1.683	2.734	0.921	-0.616	-1.466	-2.218	-3.284	-4.116	-4.252	0.4787	0.0000	8.1	1	-14.047	3.1993744373
	9.70	1.2783025503	1.1588	2.6478	3.5884	1.1539	-1.849	2.712	0.868	-0.694	-1.571	-2.361	-3.463	-4.312	-4.454	0.4787	0.0000	9.4	1	-14.044	3.1993792057
	9.70	1.2783285379	1.1589	2.7181	3.5828	1.0612	-2.025	2.681	0.807	-0.782	-1.686	-2.513	-3.650	-4.518	-4.665	0.4787	0.0000	11.1	1	-14.041	3.1993832588
	9.70	1.2783451080	1.1589	2.7794	3.5775	0.9786	-2.178	2.663	0.762	-0.851	-1.782	-2.644	-3.815	-4.700	-4.853	0.4787	0.0000	12.8	1	-14.038	3.1993861198
	9.70	1.2783575058	1.1589	2.8360	3.5720	0.8999	-2.320	2.635	0.777	-0.849	-1.823	-2.742	-3.972	-4.873	-5.031	0.4787	0.0000	14.8	1	-14.034	3.1993880272
	9.70	1.2783687115	1.1589	2.8929	3.5660	0.8190	-2.462	2.582	0.842	-0.785	-1.818	-2.820	-4.137	-5.051	-5.214	0.4787	0.0000	17.0	1	-14.030	3.1993899345
	9.70	1.2783784866	1.1589	2.9428	3.5601	0.7458	-2.587	2.527	0.918	-0.706	-1.798	-2.881	-4.282	-5.211	-5.378	0.4787	0.0000	19.4	1	-14.025	3.1993913651
	9.70	1.2783895731	1.1589	3.0028	3.5536	0.6595	-2.737	2.439	0.989	-0.626	-1.783	-2.960	-4.456	-5.403	-5.573	0.4787	0.0000	22.6	1	-14.018	3.1993932724
	9.70	1.2783992290	1.1589	3.0525	3.5481	0.5878	-2.861	2.399	1.077	-0.527	-1.746	-3.007	-4.598	-5.559	-5.734	0.4787	0.0000	25.7	1	-13.549	3.1993947029
	9.70	1.2784113884	1.1590	3.1117	3.5413	0.5017	-3.009	2.452	1.256	-0.333	-1.644	-3.023	-4.765	-5.739	-5.923	0.4787	0.0000	30.0	1	-12.906	3.1993966103
	9.70	1.2784234285	1.1590	3.1673	3.5348	0.4199	-3.148	2.507	1.433	-0.139	-1.540	-3.035	-4.924	-5.909	-6.102	0.4787	0.0000	34.8	1	-12.292	3.1993985176
	9.70	1.2784368992	1.1590	3.2222	3.5283	0.3388	-3.286	2.560	1.611	0.056	-1.435	-3.044	-5.080	-6.078	-6.280	0.4787	0.0000	40.3	1	-11.683	3.1994009018
	9.70	1.2784484625	1.1590	3.2732	3.5210	0.2587	-3.413	2.678	1.867	0.322	-1.272	-3.004	-5.227	-6.236	-6.446	0.4787	0.0000	46.7	1	-11.078	3.1994025707
	9.70	1.2784558535	1.1590	3.3224	3.5144	0.1833	-3.536	2.801	2.113	0.570	-1.121	-2.957	-5.365	-6.383	-6.599	0.4787	0.0000	53.7	1	-10.505	3.1994037628
	9.70	1.2784570456	1.1590	3.3588	3.5092	0.1263	-3.627	2.904	2.313	0.771	-0.996	-2.915	-5.468	-6.494	-6.714	0.4787	0.0000	129.1	0	-10.073	3.1994040012
	9.70	1.2784575224	1.1590	3.3679	3.5082	0.1131	-3.650	2.920	2.349	0.807	-0.976	-2.911	-5.493	-6.520	-6.742	0.4787	0.0000	133.0	0	-9.976	3.1994040012
	9.70	1.2784576416	1.1590	3.3679	3.5220	0.1683	-3.650	2.402	1.571	0.026	-1.553	-3.268	-5.461	-6.469	-6.677	0.4200	0.5249	55.2	1	-10.391	3.1994042397
	9.70	1.2784917355	1.1590	3.4763	3.5095	0.0097	-3.921	2.602	2.007	0.465	-1.300	-3.215	-5.761	-6.787	-7.007	0.4200	0.5324	167.6	0	-9.216	3.1994097233
	9.70	1.2785214186	1.1583	3.5757	3.4976	-0.1374	-4.169	2.768	2.393	0.846	-1.096	-3.175	-6.037	-7.074	-7.306	0.4200	0.5422	232.7	0	-8.133	3.1994144917
	9.70	1.2785526514	1.1517	3.6767	3.4849	-0.2917	-4.422	2.833	2.678	1.095	-1.048	-3.200	-6.315	-7.350	-7.593	0.4200	0.5564	328.3	0	-6.982	3.1994194984
	9.70	1.2785727978	1.1253	3.7382	3.4759	-0.3994	-4.575	2.904	2.906	1.297	-0.988	-3.192	-6.487	-7.520	-7.771	0.4200	0.5681	416.9	0	-6.127	3.1994225979
	9.70	1.2785823345	1.0733	3.7659	3.4696	-0.4726	-4.645	2.971	3.055	1.429	-0.952	-3.179	-6.567	-7.591	-7.852	0.4200	0.5744	489.3	0	-5.458	3.1994242668
	9.70	1.2785898447	0.8184	3.7808	3.4597	-0.6449	-4.682	3.145	3.352	1.698	-0.834	-3.094	-6.621	-7.629	-7.907	0.4200	0.5792	705.6	0	-4.080	3.1994254589
	9.70	1.2785902023	0.5796	3.7835	3.8504	0.7653	-4.689	-4.410	-4.641	-4.819	-4.947	-5.082	-5.270	-5.373	-5.399	0.4200	0.5796	16.4	1	-12.030	3.1994254589
