2.3967268358 10.9951 0
1.44577151133 1.2254 0
0.49680233885 0.0 0
3.35120258028 4.2913 0
4.31020558273 3.6852 0
2.42950406812 17.3762 0
1.4659310441 0.7672 0
3.39441110558 2.9888 0
0.503025577878 0.0 0
4.36120295887 5.6439 0
2.42632726559 0.7972 0
1.46242567434 -2.3588 0
3.39159946581 2.887 0
0.499249338944 0.0 0
4.35877104661 2.2763 0
2.49334772445 0.0 0
3.46679892736 -16.7773 0
1.51996428451 -19.0431 0
4.44058510996 -15.3935 0
0.546378128909 -19.4084 0
4.46246016982 -0.0081 0
3.48939630031 0.0 0
2.51644383592 0.5855 0
5.43591383873 3.0825 0
1.5433188545 -1.4943 0
2.48240728266 7.941 0
1.50682297479 0.0 0
3.45814205106 4.2522 0
4.43423015049 3.3108 0
0.531180175196 -1.6256 0
3.45639287929 -13.8569 0
4.40243300582 -11.0966 0
2.51226546899 0.0 0
5.35246310685 -11.3789 0
6.30784260416 -12.1241 0
2.45967859226 7.2362 0
3.40602203871 -3.1066 0
1.51507632269 0.0 0
4.35616414528 -3.119 0
0.569814847437 0.1682 0
2.47633408276 2.0565 0
3.44681705759 -0.3154 0
1.50615220327 0.0 0
4.41796284464 -1.3917 0
0.53589168134 4.5084 0
2.48063445181 0.0 0
3.39930185053 -12.4246 0
4.32696306939 -8.7013 0
1.56385405902 -10.7589 0
5.26732932034 -7.0702 0
3.4219397294 -6.6343 0
2.48525919696 0.0 0
4.36295675746 -1.8598 0
1.54944193663 -5.2259 0
5.3107179688 -1.2995 0
2.42883304435 5.6939 0
1.48707499791 0.0 0
3.37395677094 7.0017 0
4.32446087926 6.1499 0
0.545955731006 4.3046 0
2.42418174721 18.8081 0
3.33664487634 7.5025 0
1.52124717076 0.0 0
4.26594753752 8.8477 0
0.615517629713 -0.3849 0
3.40640436564 -2.2766 0
2.49171931903 0.0 0
4.33024703705 2.7219 0
5.26774371799 2.0573 0
1.57790908606 -4.9526 0
