5550.41334337733  1.
5551.41341785362  1.
5552.4134923299  1.
5553.41356680618  1.
5554.41364128247  1.
5555.41371575875  1.
5556.41379023504  1.
5557.41386471132  1.
5558.4139391876  1.
5559.41401366389  1.
5560.41408814017  1.
5561.41416261646  1.
5562.41423709274  1.
5563.41431156903  1.
5564.41438604531  1.
5565.4144605216  1.
5566.41453499788  1.
5567.41460947416  1.
5568.41468395045  1.
5569.41475842673  1.
5570.41483290302  1.
5571.4149073793  1.
5572.41498185558  1.
5573.41505633187  1.
5574.41513080815  1.
5575.41520528444  1.
5576.41527976072  1.
5577.415354237  1.
5578.41542871329  1.
5579.41550318957  1.
5580.41557766586  1.
5581.41565214214  1.
5582.41572661843  1.
5583.41580109471  1.
5584.41587557099  1.
5585.41595004728  1.
5586.41602452356  1.
5587.41609899985  1.
5588.41617347613  1.
5589.41624795242  1.
5590.4163224287  1.
5591.41639690498  1.
5592.41647138127  1.
5593.41654585755  1.
5594.41662033384  1.
5595.41669481012  1.
5596.41676928641  1.
5597.41684376269  1.
5598.41691823897  1.
5599.41699271526  1.
5600.41706719154  1.
5601.41714166783  1.
5602.41721614411  1.
5603.41729062039  1.
5604.41736509668  1.
5605.41743957296  1.
5606.41751404925  1.
5607.41758852553  1.
5608.41766300182  1.
5609.4177374781  1.
5610.41781195438  1.
5611.41788643067  1.
5612.41796090695  1.
5613.41803538324  1.
5614.41810985952  1.
5615.4181843358  1.
5616.41825881209  1.
5617.41833328837  1.
5618.41840776466  1.
5619.41848224094  1.
5620.41855671722  1.
5621.41863119351  1.
5622.41870566979  1.
5623.41878014608  1.
5624.41885462236  1.
5625.41892909865  1.
5626.41900357493  1.
5627.41907805122  1.
5628.4191525275  1.
5629.41922700378  1.
5630.41930148007  1.
5631.41937595635  1.
5632.41945043264  1.
5633.41952490892  1.
5634.4195993852  1.
5635.41967386149  1.
5636.41974833777  1.
5637.41982281406  1.
5638.41989729034  1.
5639.41997176662  1.
5640.42004624291  1.
5641.42012071919  1.
5642.42019519548  1.
5643.42026967176  1.
5644.42034414805  1.
5645.42041862433  1.
5646.42049310062  1.
5647.4205675769  1.
5648.42064205318  1.
5649.42071652947  1.
5650.42079100575  1.
5651.42086548203  1.
5652.42093995832  1.
5653.4210144346  1.
5654.42108891089  1.
5655.42116338717  1.
5656.42123786346  1.
5657.42131233974  1.
5658.42138681602  1.
5659.42146129231  1.
5660.42153576859  1.
5661.42161024488  1.
5662.42168472116  1.
5663.42175919745  1.
5664.42183367373  1.
5665.42190815002  1.
5666.4219826263  1.
5667.42205710258  1.
5668.42213157887  1.
5669.42220605515  1.
5670.42228053144  1.
5671.42235500772  1.
5672.422429484  1.
5673.42250396029  1.
5674.42257843657  1.
5675.42265291286  1.
5676.42272738914  1.
5677.42280186542  1.
5678.42287634171  1.
5679.42295081799  1.
5680.42302529428  1.
5681.42309977056  1.
5682.42317424685  1.
5683.42324872313  1.
5684.42332319942  1.
5685.4233976757  1.
5686.42347215198  1.
5687.42354662827  1.
5688.42362110455  1.
5689.42369558083  1.
5690.42377005712  1.
5691.4238445334  1.
5692.42391900969  1.
5693.42399348597  1.
5694.42406796226  1.
5695.42414243854  1.
5696.42421691482  1.
5697.42429139111  1.
5698.42436586739  1.
5699.42444034368  1.
5700.42451481996  1.
5701.42458929625  1.
5702.42466377253  1.
5703.42473824882  1.
5704.4248127251  1.
5705.42488720138  1.
5706.42496167767  1.
5707.42503615395  1.
5708.42511063024  1.
5709.42518510652  1.
5710.4252595828  1.
5711.42533405909  1.
5712.42540853537  1.
5713.42548301166  1.
5714.42555748794  1.
5715.42563196423  1.
5716.42570644051  1.
5717.42578091679  1.
5718.42585539308  1.
5719.42592986936  1.
5720.42600434565  1.
5721.42607882193  1.
5722.42615329821  1.
5723.4262277745  1.
5724.42630225078  1.
5725.42637672707  1.
5726.42645120335  1.
5727.42652567963  1.
5728.42660015592  1.
5729.4266746322  1.
5730.42674910849  1.
5731.42682358477  1.
5732.42689806106  1.
5733.42697253734  1.
5734.42704701362  1.
5735.42712148991  1.
5736.42719596619  1.
5737.42727044248  1.
5738.42734491876  1.
5739.42741939505  1.
5740.42749387133  1.
5741.42756834761  1.
5742.4276428239  1.
5743.42771730018  1.
5744.42779177647  1.
5745.42786625275  1.
5746.42794072903  1.
5747.42801520532  1.
5748.4280896816  1.
5749.42816415789  1.
5750.42823863417  1.
5751.42831311046  1.
5752.42838758674  1.
5753.42846206302  1.
5754.42853653931  1.
5755.42861101559  1.
5756.42868549188  1.
5757.42875996816  1.
5758.42883444445  1.
5759.42890892073  1.
5760.42898339701  1.
5761.4290578733  1.
5762.42913234958  1.
5763.42920682587  1.
5764.42928130215  1.
5765.42935577843  1.
5766.42943025472  1.
5767.429504731  1.
5768.42957920729  1.
5769.42965368357  1.
5770.42972815985  1.
5771.42980263614  1.
5772.42987711242  1.
5773.42995158871  1.
5774.43002606499  1.
5775.43010054128  1.
5776.43017501756  1.
5777.43024949384  1.
5778.43032397013  1.
5779.43039844641  1.
5780.4304729227  1.
5781.43054739898  1.
5782.43062187527  1.
5783.43069635155  1.
5784.43077082783  1.
5785.43084530412  1.
5786.4309197804  1.
5787.43099425669  1.
5788.43106873297  1.
5789.43114320926  1.
5790.43121768554  1.
5791.43129216182  1.
5792.43136663811  1.
5793.43144111439  1.
5794.43151559068  1.
5795.43159006696  1.
5796.43166454324  1.
5797.43173901953  1.
5798.43181349581  1.
5799.4318879721  1.
5800.43196244838  1.
5801.43203692466  1.
5802.43211140095  1.
5803.43218587723  1.
5804.43226035352  1.
5805.4323348298  1.
5806.43240930609  1.
5807.43248378237  1.
5808.43255825865  1.
5809.43263273494  1.
5810.43270721122  1.
5811.43278168751  1.
5812.43285616379  1.
5813.43293064008  1.
5814.43300511636  1.
5815.43307959264  1.
5816.43315406893  1.
5817.43322854521  1.
5818.4333030215  1.
5819.43337749778  1.
5820.43345197407  1.
5821.43352645035  1.
5822.43360092663  1.
5823.43367540292  1.
5824.4337498792  1.
5825.43382435549  1.
5826.43389883177  1.
5827.43397330806  1.
5828.43404778434  1.
5829.43412226062  1.
5830.43419673691  1.
5831.43427121319  1.
5832.43434568948  1.
5833.43442016576  1.
5834.43449464204  1.
5835.43456911833  1.
5836.43464359461  1.
5837.4347180709  1.
5838.43479254718  1.
5839.43486702347  1.
5840.43494149975  1.
5841.43501597603  1.
5842.43509045232  1.
5843.4351649286  1.
5844.43523940489  1.
5845.43531388117  1.
5846.43538835745  1.
5847.43546283374  1.
5848.43553731002  1.
5849.43561178631  1.
5850.43568626259  1.
5851.43576073888  1.
5852.43583521516  1.
5853.43590969144  1.
5854.43598416773  1.
5855.43605864401  1.
5856.4361331203  1.
5857.43620759658  1.
5858.43628207286  1.
5859.43635654915  1.
5860.43643102543  1.
5861.43650550172  1.
5862.436579978  1.
5863.43665445429  1.
5864.43672893057  1.
5865.43680340685  1.
5866.43687788314  1.
5867.43695235942  1.
5868.43702683571  1.
5869.43710131199  1.
5870.43717578828  1.
5871.43725026456  1.
5872.43732474084  1.
5873.43739921713  1.
5874.43747369341  1.
5875.4375481697  1.
5876.43762264598  1.
5877.43769712227  1.
5878.43777159855  1.
5879.43784607483  1.
5880.43792055112  1.
5881.4379950274  1.
5882.43806950369  1.
5883.43814397997  1.
5884.43821845625  1.
5885.43829293254  1.
5886.43836740882  1.
5887.43844188511  1.
5888.43851636139  1.
5889.43859083768  1.
5890.43866531396  1.
5891.43873979024  1.
5892.43881426653  1.
5893.43888874281  1.
5894.4389632191  1.
5895.43903769538  1.
5896.43911217167  1.
5897.43918664795  1.
5898.43926112423  1.
5899.43933560052  1.
5900.4394100768  1.
5901.43948455309  1.
5902.43955902937  1.
5903.43963350565  1.
5904.43970798194  1.
5905.43978245822  1.
5906.43985693451  1.
5907.43993141079  1.
5908.44000588708  1.
5909.44008036336  1.
5910.44015483964  1.
5911.44022931593  1.
5912.44030379221  1.
5913.4403782685  1.
5914.44045274478  1.
5915.44052722106  1.
5916.44060169735  1.
5917.44067617363  1.
5918.44075064992  1.
5919.4408251262  1.
5920.44089960248  1.
5921.44097407877  1.
5922.44104855505  1.
5923.44112303134  1.
5924.44119750762  1.
5925.44127198391  1.
5926.44134646019  1.
5927.44142093647  1.
5928.44149541276  1.
5929.44156988904  1.
5930.44164436533  1.
5931.44171884161  1.
5932.4417933179  1.
5933.44186779418  1.
5934.44194227046  1.
5935.44201674675  1.
5936.44209122303  1.
5937.44216569932  1.
5938.4422401756  1.
5939.44231465189  1.
5940.44238912817  1.
5941.44246360445  1.
5942.44253808074  1.
5943.44261255702  1.
5944.44268703331  1.
5945.44276150959  1.
5946.44283598588  1.
5947.44291046216  1.
5948.44298493844  1.
5949.44305941473  1.
5950.44313389101  1.
5951.4432083673  1.
5952.44328284358  1.
5953.44335731986  1.
5954.44343179615  1.
5955.44350627243  1.
5956.44358074872  1.
5957.443655225  1.
5958.44372970129  1.
5959.44380417757  1.
5960.44387865385  1.
5961.44395313014  1.
5962.44402760642  1.
5963.44410208271  1.
5964.44417655899  1.
5965.44425103528  1.
5966.44432551156  1.
5967.44439998784  1.
5968.44447446413  1.
5969.44454894041  1.
5970.4446234167  1.
5971.44469789298  1.
5972.44477236926  1.
5973.44484684555  1.
5974.44492132183  1.
5975.44499579812  1.
5976.4450702744  1.
5977.44514475068  1.
5978.44521922697  1.
5979.44529370325  1.
5980.44536817954  1.
5981.44544265582  1.
5982.44551713211  1.
5983.44559160839  1.
5984.44566608467  1.
5985.44574056096  1.
5986.44581503724  1.
5987.44588951353  1.
5988.44596398981  1.
5989.44603846609  1.
5990.44611294238  1.
5991.44618741866  1.
5992.44626189495  1.
5993.44633637123  1.
5994.44641084752  1.
5995.4464853238  1.
5996.44655980008  1.
5997.44663427637  1.
5998.44670875265  1.
5999.44678322894  1.
6000.44685770522  1.
6001.44693218151  1.
6002.44700665779  1.
6003.44708113408  1.
6004.44715561036  1.
6005.44723008664  1.
6006.44730456293  1.
6007.44737903921  1.
6008.44745351549  1.
6009.44752799178  1.
6010.44760246806  1.
6011.44767694435  1.
6012.44775142063  1.
6013.44782589692  1.
6014.4479003732  1.
6015.44797484948  1.
6016.44804932577  1.
6017.44812380205  1.
6018.44819827834  1.
6019.44827275462  1.
6020.44834723091  1.
6021.44842170719  1.
6022.44849618347  1.
6023.44857065976  1.
6024.44864513604  1.
6025.44871961233  1.
6026.44879408861  1.
6027.44886856489  1.
6028.44894304118  1.
6029.44901751746  1.
6030.44909199375  1.
6031.44916647003  1.
6032.44924094632  1.
6033.4493154226  1.
6034.44938989888  1.
6035.44946437517  1.
6036.44953885145  1.
6037.44961332774  1.
6038.44968780402  1.
6039.44976228031  1.
6040.44983675659  1.
6041.44991123287  1.
6042.44998570916  1.
6043.45006018544  1.
6044.45013466173  1.
6045.45020913801  1.
6046.45028361429  1.
6047.45035809058  1.
6048.45043256686  1.
6049.45050704315  1.
6050.45058151943  1.
6051.45065599572  1.
6052.450730472  1.
6053.45080494828  1.
6054.45087942457  1.
6055.45095390085  1.
6056.45102837714  1.
6057.45110285342  1.
6058.45117732971  1.
6059.45125180599  1.
6060.45132628227  1.
6061.45140075856  1.
6062.45147523484  1.
6063.45154971113  1.
6064.45162418741  1.
6065.45169866369  1.
6066.45177313998  1.
6067.45184761626  1.
6068.45192209255  1.
6069.45199656883  1.
6070.45207104512  1.
6071.4521455214  1.
6072.45221999768  1.
6073.45229447397  1.
6074.45236895025  1.
6075.45244342654  1.
6076.45251790282  1.
6077.45259237911  1.
6078.45266685539  1.
6079.45274133167  1.
6080.45281580796  1.
6081.45289028424  1.
6082.45296476053  1.
6083.45303923681  1.
6084.45311371309  1.
6085.45318818938  1.
6086.45326266566  1.
6087.45333714195  1.
6088.45341161823  1.
6089.45348609452  1.
6090.4535605708  1.
6091.45363504708  1.
6092.45370952337  1.
6093.45378399965  1.
6094.45385847594  1.
6095.45393295222  1.
6096.4540074285  1.
6097.45408190479  1.
6098.45415638107  1.
6099.45423085736  1.
6100.45430533364  1.
6101.45437980992  1.
6102.45445428621  1.
6103.45452876249  1.
6104.45460323878  1.
6105.45467771506  1.
6106.45475219135  1.
6107.45482666763  1.
6108.45490114392  1.
6109.4549756202  1.
6110.45505009648  1.
6111.45512457277  1.
6112.45519904905  1.
6113.45527352534  1.
6114.45534800162  1.
6115.45542247791  1.
6116.45549695419  1.
6117.45557143047  1.
6118.45564590676  1.
6119.45572038304  1.
6120.45579485932  1.
6121.45586933561  1.
6122.45594381189  1.
6123.45601828818  1.
6124.45609276446  1.
6125.45616724075  1.
6126.45624171703  1.
6127.45631619331  1.
6128.4563906696  1.
6129.45646514588  1.
6130.45653962217  1.
6131.45661409845  1.
6132.45668857474  1.
6133.45676305102  1.
6134.4568375273  1.
6135.45691200359  1.
6136.45698647987  1.
6137.45706095616  1.
6138.45713543244  1.
6139.45720990873  1.
6140.45728438501  1.
6141.45735886129  1.
6142.45743333758  1.
6143.45750781386  1.
6144.45758229015  1.
6145.45765676643  1.
6146.45773124271  1.
6147.457805719  1.
6148.45788019528  1.
6149.45795467157  1.
6150.45802914785  1.
6151.45810362414  1.
6152.45817810042  1.
6153.45825257671  1.
6154.45832705299  1.
6155.45840152927  1.
6156.45847600556  1.
6157.45855048184  1.
6158.45862495812  1.
6159.45869943441  1.
6160.45877391069  1.
6161.45884838698  1.
6162.45892286326  1.
6163.45899733955  1.
6164.45907181583  1.
6165.45914629211  1.
6166.4592207684  1.
6167.45929524468  1.
6168.45936972097  1.
6169.45944419725  1.
6170.45951867354  1.
6171.45959314982  1.
6172.4596676261  1.
6173.45974210239  1.
6174.45981657867  1.
6175.45989105496  1.
6176.45996553124  1.
6177.46004000752  1.
6178.46011448381  1.
6179.46018896009  1.
6180.46026343638  1.
6181.46033791266  1.
6182.46041238894  1.
6183.46048686523  1.
6184.46056134151  1.
6185.4606358178  1.
6186.46071029408  1.
6187.46078477037  1.
6188.46085924665  1.
6189.46093372294  1.
6190.46100819922  1.
6191.4610826755  1.
6192.46115715179  1.
6193.46123162807  1.
6194.46130610436  1.
6195.46138058064  1.
6196.46145505692  1.
6197.46152953321  1.
6198.46160400949  1.
6199.46167848578  1.
6200.46175296206  1.
6201.46182743835  1.
6202.46190191463  1.
6203.46197639091  1.
6204.4620508672  1.
6205.46212534348  1.
6206.46219981977  1.
6207.46227429605  1.
6208.46234877234  1.
6209.46242324862  1.
6210.4624977249  1.
6211.46257220119  1.
6212.46264667747  1.
6213.46272115376  1.
6214.46279563004  1.
6215.46287010632  1.
6216.46294458261  1.
6217.46301905889  1.
6218.46309353518  1.
6219.46316801146  1.
6220.46324248774  1.
6221.46331696403  1.
6222.46339144031  1.
6223.4634659166  1.
6224.46354039288  1.
6225.46361486917  1.
6226.46368934545  1.
6227.46376382174  1.
6228.46383829802  1.
6229.4639127743  1.
6230.46398725059  1.
6231.46406172687  1.
6232.46413620316  1.
6233.46421067944  1.
6234.46428515572  1.
6235.46435963201  1.
6236.46443410829  1.
6237.46450858458  1.
6238.46458306086  1.
6239.46465753714  1.
6240.46473201343  1.
6241.46480648971  1.
6242.464880966  1.
6243.46495544228  1.
6244.46502991857  1.
6245.46510439485  1.
6246.46517887114  1.
6247.46525334742  1.
6248.4653278237  1.
6249.46540229999  1.
6250.46547677627  1.
6251.46555125256  1.
6252.46562572884  1.
6253.46570020512  1.
6254.46577468141  1.
6255.46584915769  1.
6256.46592363398  1.
6257.46599811026  1.
6258.46607258655  1.
6259.46614706283  1.
6260.46622153911  1.
6261.4662960154  1.
6262.46637049168  1.
6263.46644496797  1.
6264.46651944425  1.
6265.46659392054  1.
6266.46666839682  1.
6267.4667428731  1.
6268.46681734939  1.
6269.46689182567  1.
6270.46696630196  1.
6271.46704077824  1.
6272.46711525452  1.
6273.46718973081  1.
6274.46726420709  1.
6275.46733868338  1.
6276.46741315966  1.
6277.46748763594  1.
6278.46756211223  1.
6279.46763658851  1.
6280.4677110648  1.
6281.46778554108  1.
6282.46786001737  1.
6283.46793449365  1.
6284.46800896993  1.
6285.46808344622  1.
6286.4681579225  1.
6287.46823239879  1.
6288.46830687507  1.
6289.46838135136  1.
6290.46845582764  1.
6291.46853030392  1.
6292.46860478021  1.
6293.46867925649  1.
6294.46875373278  1.
6295.46882820906  1.
6296.46890268534  1.
6297.46897716163  1.
6298.46905163791  1.
6299.4691261142  1.
6300.46920059048  1.
6301.46927506677  1.
6302.46934954305  1.
6303.46942401933  1.
6304.46949849562  1.
6305.4695729719  1.
6306.46964744819  1.
6307.46972192447  1.
6308.46979640076  1.
6309.46987087704  1.
6310.46994535332  1.
6311.47001982961  1.
6312.47009430589  1.
6313.47016878218  1.
6314.47024325846  1.
6315.47031773474  1.
6316.47039221103  1.
6317.47046668731  1.
6318.4705411636  1.
6319.47061563988  1.
6320.47069011617  1.
6321.47076459245  1.
6322.47083906873  1.
6323.47091354502  1.
6324.4709880213  1.
6325.47106249759  1.
6326.47113697387  1.
6327.47121145015  1.
6328.47128592644  1.
6329.47136040272  1.
6330.47143487901  1.
6331.47150935529  1.
6332.47158383158  1.
6333.47165830786  1.
6334.47173278414  1.
6335.47180726043  1.
6336.47188173671  1.
6337.471956213  1.
6338.47203068928  1.
6339.47210516557  1.
6340.47217964185  1.
6341.47225411813  1.
6342.47232859442  1.
6343.4724030707  1.
6344.47247754699  1.
6345.47255202327  1.
6346.47262649956  1.
6347.47270097584  1.
6348.47277545212  1.
6349.47284992841  1.
6350.47292440469  1.
6351.47299888098  1.
6352.47307335726  1.
6353.47314783354  1.
6354.47322230983  1.
6355.47329678611  1.
6356.4733712624  1.
6357.47344573868  1.
6358.47352021496  1.
6359.47359469125  1.
6360.47366916753  1.
6361.47374364382  1.
6362.4738181201  1.
6363.47389259639  1.
6364.47396707267  1.
6365.47404154895  1.
6366.47411602524  1.
6367.47419050152  1.
6368.47426497781  1.
6369.47433945409  1.
6370.47441393038  1.
6371.47448840666  1.
6372.47456288294  1.
6373.47463735923  1.
6374.47471183551  1.
6375.47478631179  1.
6376.47486078808  1.
6377.47493526437  1.
6378.47500974065  1.
6379.47508421693  1.
6380.47515869322  1.
6381.4752331695  1.
6382.47530764579  1.
6383.47538212207  1.
6384.47545659835  1.
6385.47553107464  1.
6386.47560555092  1.
6387.47568002721  1.
6388.47575450349  1.
6389.47582897978  1.
6390.47590345606  1.
6391.47597793234  1.
6392.47605240863  1.
6393.47612688491  1.
6394.4762013612  1.
6395.47627583748  1.
6396.47635031376  1.
6397.47642479005  1.
6398.47649926633  1.
6399.47657374262  1.
6400.4766482189  1.
6401.47672269519  1.
6402.47679717147  1.
6403.47687164775  1.
6404.47694612404  1.
6405.47702060032  1.
6406.47709507661  1.
6407.47716955289  1.
6408.47724402917  1.
6409.47731850546  1.
6410.47739298174  1.
6411.47746745803  1.
6412.47754193431  1.
6413.47761641059  1.
6414.47769088688  1.
6415.47776536317  1.
6416.47783983945  1.
6417.47791431573  1.
6418.47798879202  1.
6419.4780632683  1.
6420.47813774459  1.
6421.47821222087  1.
6422.47828669715  1.
6423.47836117344  1.
6424.47843564972  1.
6425.47851012601  1.
6426.47858460229  1.
6427.47865907857  1.
6428.47873355486  1.
6429.47880803114  1.
6430.47888250743  1.
6431.47895698371  1.
6432.47903146  1.
6433.47910593628  1.
6434.47918041256  1.
6435.47925488885  1.
6436.47932936513  1.
6437.47940384142  1.
6438.4794783177  1.
6439.47955279399  1.
6440.47962727027  1.
6441.47970174655  1.
6442.47977622284  1.
6443.47985069912  1.
6444.47992517541  1.
6445.47999965169  1.
6446.48007412797  1.
6447.48014860426  1.
6448.48022308054  1.
6449.48029755683  1.
6450.48037203311  1.
6451.4804465094  1.
6452.48052098568  1.
6453.48059546196  1.
6454.48066993825  1.
6455.48074441453  1.
6456.48081889082  1.
6457.4808933671  1.
6458.48096784339  1.
6459.48104231967  1.
6460.48111679595  1.
6461.48119127224  1.
6462.48126574852  1.
6463.48134022481  1.
6464.48141470109  1.
6465.48148917737  1.
6466.48156365366  1.
6467.48163812994  1.
6468.48171260623  1.
6469.48178708251  1.
6470.48186155879  1.
6471.48193603508  1.
6472.48201051136  1.
6473.48208498765  1.
6474.48215946393  1.
6475.48223394022  1.
6476.4823084165  1.
6477.48238289278  1.
6478.48245736907  1.
6479.48253184535  1.
6480.48260632164  1.
6481.48268079792  1.
6482.48275527421  1.
6483.48282975049  1.
6484.48290422677  1.
6485.48297870306  1.
6486.48305317934  1.
6487.48312765562  1.
6488.48320213191  1.
6489.4832766082  1.
6490.48335108448  1.
6491.48342556076  1.
6492.48350003705  1.
6493.48357451333  1.
6494.48364898962  1.
6495.4837234659  1.
6496.48379794219  1.
6497.48387241847  1.
6498.48394689475  1.
6499.48402137104  1.
6500.48409584732  1.
6501.48417032361  1.
6502.48424479989  1.
6503.48431927617  1.
6504.48439375246  1.
6505.48446822874  1.
6506.48454270503  1.
6507.48461718131  1.
6508.4846916576  1.
6509.48476613388  1.
6510.48484061016  1.
6511.48491508645  1.
6512.48498956273  1.
6513.48506403902  1.
6514.4851385153  1.
6515.48521299158  1.
6516.48528746787  1.
6517.48536194415  1.
6518.48543642044  1.
6519.48551089672  1.
6520.48558537301  1.
6521.48565984929  1.
6522.48573432557  1.
6523.48580880186  1.
6524.48588327814  1.
6525.48595775442  1.
6526.48603223071  1.
6527.486106707  1.
6528.48618118328  1.
6529.48625565956  1.
6530.48633013585  1.
6531.48640461213  1.
6532.48647908842  1.
6533.4865535647  1.
6534.48662804098  1.
6535.48670251727  1.
6536.48677699355  1.
6537.48685146984  1.
6538.48692594612  1.
6539.48700042241  1.
6540.48707489869  1.
6541.48714937497  1.
6542.48722385126  1.
6543.48729832754  1.
6544.48737280383  1.
6545.48744728011  1.
6546.4875217564  1.
6547.48759623268  1.
6548.48767070896  1.
6549.48774518525  1.
6550.48781966153  1.
6551.48789413782  1.
6552.4879686141  1.
6553.48804309038  1.
6554.48811756667  1.
6555.48819204295  1.
6556.48826651924  1.
6557.48834099552  1.
6558.4884154718  1.
6559.48848994809  1.
6560.48856442437  1.
6561.48863890066  1.
6562.48871337694  1.
6563.48878785323  1.
6564.48886232951  1.
6565.4889368058  1.
6566.48901128208  1.
6567.48908575836  1.
6568.48916023465  1.
6569.48923471093  1.
6570.48930918722  1.
6571.4893836635  1.
6572.48945813978  1.
6573.48953261607  1.
6574.48960709235  1.
6575.48968156864  1.
6576.48975604492  1.
6577.48983052121  1.
6578.48990499749  1.
6579.48997947377  1.
6580.49005395006  1.
6581.49012842634  1.
6582.49020290262  1.
6583.49027737891  1.
6584.4903518552  1.
6585.49042633148  1.
6586.49050080776  1.
6587.49057528405  1.
6588.49064976033  1.
6589.49072423661  1.
6590.4907987129  1.
6591.49087318918  1.
6592.49094766547  1.
6593.49102214175  1.
6594.49109661804  1.
6595.49117109432  1.
6596.4912455706  1.
6597.49132004689  1.
6598.49139452317  1.
6599.49146899946  1.
6600.49154347574  1.
6601.49161795203  1.
6602.49169242831  1.
6603.4917669046  1.
6604.49184138088  1.
6605.49191585716  1.
6606.49199033345  1.
6607.49206480973  1.
6608.49213928601  1.
6609.4922137623  1.
6610.49228823858  1.
6611.49236271487  1.
6612.49243719115  1.
6613.49251166744  1.
6614.49258614372  1.
6615.49266062001  1.
6616.49273509629  1.
6617.49280957257  1.
6618.49288404886  1.
6619.49295852514  1.
6620.49303300143  1.
6621.49310747771  1.
6622.49318195399  1.
6623.49325643028  1.
6624.49333090656  1.
6625.49340538285  1.
6626.49347985913  1.
6627.49355433541  1.
6628.4936288117  1.
6629.49370328798  1.
6630.49377776427  1.
6631.49385224055  1.
6632.49392671684  1.
6633.49400119312  1.
6634.4940756694  1.
6635.49415014569  1.
6636.49422462197  1.
6637.49429909826  1.
6638.49437357454  1.
6639.49444805083  1.
6640.49452252711  1.
6641.49459700339  1.
6642.49467147968  1.
6643.49474595596  1.
6644.49482043225  1.
6645.49489490853  1.
6646.49496938481  1.
6647.4950438611  1.
6648.49511833738  1.
6649.49519281367  1.
6650.49526728995  1.
6651.49534176624  1.
6652.49541624252  1.
6653.4954907188  1.
6654.49556519509  1.
6655.49563967137  1.
6656.49571414766  1.
6657.49578862394  1.
6658.49586310023  1.
6659.49593757651  1.
6660.49601205279  1.
6661.49608652908  1.
6662.49616100536  1.
6663.49623548165  1.
6664.49630995793  1.
6665.49638443421  1.
6666.4964589105  1.
6667.49653338678  1.
6668.49660786307  1.
6669.49668233935  1.
6670.49675681564  1.
6671.49683129192  1.
6672.4969057682  1.
6673.49698024449  1.
6674.49705472077  1.
6675.49712919706  1.
6676.49720367334  1.
6677.49727814963  1.
6678.49735262591  1.
6679.49742710219  1.
6680.49750157848  1.
6681.49757605476  1.
6682.49765053105  1.
6683.49772500733  1.
6684.49779948361  1.
6685.4978739599  1.
6686.49794843618  1.
6687.49802291247  1.
6688.49809738875  1.
6689.49817186504  1.
6690.49824634132  1.
6691.4983208176  1.
6692.49839529389  1.
6693.49846977017  1.
6694.49854424646  1.
6695.49861872274  1.
6696.49869319902  1.
6697.49876767531  1.
6698.49884215159  1.
6699.49891662788  1.
6700.49899110416  1.
6701.49906558044  1.
6702.49914005673  1.
6703.49921453301  1.
6704.4992890093  1.
6705.49936348558  1.
6706.49943796187  1.
6707.49951243815  1.
6708.49958691443  1.
6709.49966139072  1.
6710.499735867  1.
6711.49981034329  1.
6712.49988481957  1.
6713.49995929586  1.
6714.50003377214  1.
6715.50010824842  1.
6716.50018272471  1.
6717.50025720099  1.
6718.50033167728  1.
6719.50040615356  1.
6720.50048062985  1.
6721.50055510613  1.
6722.50062958241  1.
6723.5007040587  1.
6724.50077853498  1.
6725.50085301127  1.
6726.50092748755  1.
6727.50100196384  1.
6728.50107644012  1.
6729.5011509164  1.
6730.50122539269  1.
6731.50129986897  1.
6732.50137434526  1.
6733.50144882154  1.
6734.50152329783  1.
6735.50159777411  1.
6736.50167225039  1.
6737.50174672668  1.
6738.50182120296  1.
6739.50189567924  1.
6740.50197015553  1.
6741.50204463181  1.
6742.5021191081  1.
6743.50219358438  1.
6744.50226806067  1.
6745.50234253695  1.
6746.50241701323  1.
6747.50249148952  1.
6748.5025659658  1.
6749.50264044209  1.
6750.50271491837  1.
6751.50278939465  1.
6752.50286387094  1.
6753.50293834722  1.
6754.50301282351  1.
6755.50308729979  1.
6756.50316177608  1.
6757.50323625236  1.
6758.50331072865  1.
6759.50338520493  1.
6760.50345968121  1.
6761.5035341575  1.
6762.50360863378  1.
6763.50368311007  1.
6764.50375758635  1.
6765.50383206264  1.
6766.50390653892  1.
6767.5039810152  1.
6768.50405549149  1.
6769.50412996777  1.
6770.50420444405  1.
6771.50427892034  1.
6772.50435339662  1.
6773.50442787291  1.
6774.50450234919  1.
6775.50457682548  1.
6776.50465130176  1.
6777.50472577804  1.
6778.50480025433  1.
6779.50487473061  1.
6780.5049492069  1.
6781.50502368318  1.
6782.50509815947  1.
6783.50517263575  1.
6784.50524711203  1.
6785.50532158832  1.
6786.5053960646  1.
6787.50547054089  1.
6788.50554501717  1.
6789.50561949345  1.
6790.50569396974  1.
6791.50576844603  1.
6792.50584292231  1.
6793.50591739859  1.
6794.50599187488  1.
6795.50606635116  1.
6796.50614082744  1.
6797.50621530373  1.
6798.50628978001  1.
6799.5063642563  1.
6800.50643873258  1.
6801.50651320887  1.
6802.50658768515  1.
6803.50666216143  1.
6804.50673663772  1.
6805.506811114  1.
6806.50688559029  1.
6807.50696006657  1.
6808.50703454285  1.
6809.50710901914  1.
6810.50718349542  1.
6811.50725797171  1.
6812.50733244799  1.
6813.50740692428  1.
6814.50748140056  1.
6815.50755587684  1.
6816.50763035313  1.
6817.50770482941  1.
6818.5077793057  1.
6819.50785378198  1.
6820.50792825826  1.
6821.50800273455  1.
6822.50807721083  1.
6823.50815168712  1.
6824.5082261634  1.
6825.50830063969  1.
6826.50837511597  1.
6827.50844959225  1.
6828.50852406854  1.
6829.50859854482  1.
6830.50867302111  1.
6831.50874749739  1.
6832.50882197368  1.
6833.50889644996  1.
6834.50897092624  1.
6835.50904540253  1.
6836.50911987881  1.
6837.5091943551  1.
6838.50926883138  1.
6839.50934330767  1.
6840.50941778395  1.
6841.50949226023  1.
6842.50956673652  1.
6843.5096412128  1.
6844.50971568909  1.
6845.50979016537  1.
6846.50986464165  1.
6847.50993911794  1.
6848.51001359422  1.
6849.51008807051  1.
6850.51016254679  1.
6851.51023702308  1.
6852.51031149936  1.
6853.51038597564  1.
6854.51046045193  1.
6855.51053492821  1.
6856.5106094045  1.
6857.51068388078  1.
6858.51075835707  1.
6859.51083283335  1.
6860.51090730963  1.
6861.51098178592  1.
6862.5110562622  1.
6863.51113073848  1.
6864.51120521477  1.
6865.51127969105  1.
6866.51135416734  1.
6867.51142864362  1.
6868.51150311991  1.
6869.51157759619  1.
6870.51165207248  1.
6871.51172654876  1.
6872.51180102504  1.
6873.51187550133  1.
6874.51194997761  1.
6875.5120244539  1.
6876.51209893018  1.
6877.51217340646  1.
6878.51224788275  1.
6879.51232235903  1.
6880.51239683532  1.
6881.5124713116  1.
6882.51254578788  1.
6883.51262026417  1.
6884.51269474045  1.
6885.51276921674  1.
6886.51284369302  1.
6887.51291816931  1.
6888.51299264559  1.
6889.51306712188  1.
6890.51314159816  1.
6891.51321607444  1.
6892.51329055073  1.
6893.51336502701  1.
6894.5134395033  1.
6895.51351397958  1.
6896.51358845586  1.
6897.51366293215  1.
6898.51373740843  1.
6899.51381188472  1.
6900.513886361  1.
6901.51396083728  1.
6902.51403531357  1.
6903.51410978985  1.
6904.51418426614  1.
6905.51425874242  1.
6906.51433321871  1.
6907.51440769499  1.
6908.51448217128  1.
6909.51455664756  1.
6910.51463112384  1.
6911.51470560013  1.
6912.51478007641  1.
6913.5148545527  1.
6914.51492902898  1.
6915.51500350526  1.
6916.51507798155  1.
6917.51515245783  1.
6918.51522693412  1.
6919.5153014104  1.
6920.51537588668  1.
6921.51545036297  1.
6922.51552483925  1.
6923.51559931554  1.
6924.51567379182  1.
6925.51574826811  1.
6926.51582274439  1.
6927.51589722068  1.
6928.51597169696  1.
6929.51604617324  1.
6930.51612064953  1.
6931.51619512581  1.
6932.5162696021  1.
6933.51634407838  1.
6934.51641855466  1.
6935.51649303095  1.
6936.51656750723  1.
6937.51664198352  1.
6938.5167164598  1.
6939.51679093608  1.
6940.51686541237  1.
6941.51693988865  1.
6942.51701436494  1.
6943.51708884122  1.
6944.51716331751  1.
6945.51723779379  1.
6946.51731227008  1.
6947.51738674636  1.
6948.51746122264  1.
6949.51753569893  1.
6950.51761017521  1.
6951.5176846515  1.
6952.51775912778  1.
6953.51783360406  1.
6954.51790808035  1.
6955.51798255663  1.
6956.51805703291  1.
6957.5181315092  1.
6958.51820598548  1.
6959.51828046177  1.
6960.51835493805  1.
6961.51842941434  1.
6962.51850389062  1.
6963.51857836691  1.
6964.51865284319  1.
6965.51872731947  1.
6966.51880179576  1.
6967.51887627204  1.
6968.51895074833  1.
6969.51902522461  1.
6970.51909970089  1.
6971.51917417718  1.
6972.51924865346  1.
6973.51932312975  1.
6974.51939760603  1.
6975.51947208232  1.
6976.5195465586  1.
6977.51962103488  1.
6978.51969551117  1.
6979.51976998745  1.
6980.51984446374  1.
6981.51991894002  1.
6982.51999341631  1.
6983.52006789259  1.
6984.52014236887  1.
6985.52021684516  1.
6986.52029132144  1.
6987.52036579773  1.
6988.52044027401  1.
6989.5205147503  1.
6990.52058922658  1.
6991.52066370286  1.
6992.52073817915  1.
6993.52081265543  1.
6994.52088713172  1.
6995.520961608  1.
6996.52103608428  1.
6997.52111056057  1.
6998.52118503685  1.
6999.52125951314  1.
7000.52133398942  1.
7001.52140846571  1.
7002.52148294199  1.
7003.52155741827  1.
7004.52163189456  1.
7005.52170637084  1.
7006.52178084713  1.
7007.52185532341  1.
7008.52192979969  1.
7009.52200427598  1.
7010.52207875226  1.
7011.52215322855  1.
7012.52222770483  1.
7013.52230218112  1.
7014.5223766574  1.
7015.52245113368  1.
7016.52252560997  1.
7017.52260008625  1.
7018.52267456254  1.
7019.52274903882  1.
7020.52282351511  1.
7021.52289799139  1.
7022.52297246767  1.
7023.52304694396  1.
7024.52312142024  1.
7025.52319589653  1.
7026.52327037281  1.
7027.52334484909  1.
7028.52341932538  1.
7029.52349380166  1.
7030.52356827795  1.
7031.52364275423  1.
7032.52371723052  1.
7033.5237917068  1.
7034.52386618308  1.
7035.52394065937  1.
7036.52401513565  1.
7037.52408961194  1.
7038.52416408822  1.
7039.52423856451  1.
7040.52431304079  1.
7041.52438751707  1.
7042.52446199336  1.
7043.52453646964  1.
7044.52461094593  1.
7045.52468542221  1.
7046.52475989849  1.
7047.52483437478  1.
7048.52490885106  1.
7049.52498332735  1.
7050.52505780363  1.
7051.52513227991  1.
7052.5252067562  1.
7053.52528123249  1.
7054.52535570877  1.
7055.52543018505  1.
7056.52550466134  1.
7057.52557913762  1.
7058.5256536139  1.
7059.52572809019  1.
7060.52580256647  1.
7061.52587704276  1.
7062.52595151904  1.
7063.52602599533  1.
7064.52610047161  1.
7065.52617494789  1.
7066.52624942418  1.
7067.52632390046  1.
7068.52639837675  1.
7069.52647285303  1.
7070.52654732932  1.
7071.5266218056  1.
7072.52669628188  1.
7073.52677075817  1.
7074.52684523445  1.
7075.52691971074  1.
7076.52699418702  1.
7077.5270686633  1.
7078.52714313959  1.
7079.52721761587  1.
7080.52729209216  1.
7081.52736656844  1.
7082.52744104473  1.
7083.52751552101  1.
7084.5275899973  1.
7085.52766447358  1.
7086.52773894986  1.
7087.52781342615  1.
7088.52788790243  1.
7089.52796237871  1.
7090.528036855  1.
7091.52811133128  1.
7092.52818580757  1.
7093.52826028385  1.
7094.52833476014  1.
7095.52840923642  1.
7096.5284837127  1.
7097.52855818899  1.
7098.52863266527  1.
7099.52870714156  1.
7100.52878161784  1.
7101.52885609413  1.
7102.52893057041  1.
7103.52900504669  1.
7104.52907952298  1.
7105.52915399926  1.
7106.52922847555  1.
7107.52930295183  1.
7108.52937742812  1.
7109.5294519044  1.
7110.52952638068  1.
7111.52960085697  1.
7112.52967533325  1.
7113.52974980954  1.
7114.52982428582  1.
7115.5298987621  1.
7116.52997323839  1.
7117.53004771467  1.
7118.53012219096  1.
7119.53019666724  1.
7120.53027114353  1.
7121.53034561981  1.
7122.53042009609  1.
7123.53049457238  1.
7124.53056904866  1.
7125.53064352495  1.
7126.53071800123  1.
7127.53079247751  1.
7128.5308669538  1.
7129.53094143008  1.
7130.53101590637  1.
7131.53109038265  1.
7132.53116485894  1.
7133.53123933522  1.
7134.5313138115  1.
7135.53138828779  1.
7136.53146276407  1.
7137.53153724036  1.
7138.53161171664  1.
7139.53168619293  1.
7140.53176066921  1.
7141.5318351455  1.
7142.53190962178  1.
7143.53198409806  1.
7144.53205857435  1.
7145.53213305063  1.
7146.53220752691  1.
7147.5322820032  1.
7148.53235647948  1.
7149.53243095577  1.
7150.53250543205  1.
7151.53257990833  1.
7152.53265438462  1.
7153.5327288609  1.
7154.53280333719  1.
7155.53287781347  1.
7156.53295228976  1.
7157.53302676604  1.
7158.53310124233  1.
7159.53317571861  1.
7160.53325019489  1.
7161.53332467118  1.
7162.53339914746  1.
7163.53347362375  1.
7164.53354810003  1.
7165.53362257631  1.
7166.5336970526  1.
7167.53377152888  1.
7168.53384600517  1.
7169.53392048145  1.
7170.53399495773  1.
7171.53406943402  1.
7172.5341439103  1.
7173.53421838659  1.
7174.53429286287  1.
7175.53436733916  1.
7176.53444181544  1.
7177.53451629172  1.
7178.53459076801  1.
7179.53466524429  1.
7180.53473972058  1.
7181.53481419686  1.
7182.53488867315  1.
7183.53496314943  1.
7184.53503762571  1.
7185.535112102  1.
7186.53518657828  1.
7187.53526105457  1.
7188.53533553085  1.
7189.53541000713  1.
7190.53548448342  1.
7191.5355589597  1.
7192.53563343599  1.
7193.53570791227  1.
7194.53578238856  1.
7195.53585686484  1.
7196.53593134112  1.
7197.53600581741  1.
7198.53608029369  1.
7199.53615476998  1.
7200.53622924626  1.
7201.53630372255  1.
7202.53637819883  1.
7203.53645267511  1.
7204.5365271514  1.
7205.53660162768  1.
7206.53667610397  1.
7207.53675058025  1.
7208.53682505653  1.
7209.53689953282  1.
7210.5369740091  1.
7211.53704848539  1.
7212.53712296167  1.
7213.53719743796  1.
7214.53727191424  1.
7215.53734639052  1.
7216.53742086681  1.
7217.53749534309  1.
7218.53756981938  1.
7219.53764429566  1.
7220.53771877195  1.
7221.53779324823  1.
7222.53786772451  1.
7223.5379422008  1.
7224.53801667708  1.
7225.53809115337  1.
7226.53816562965  1.
7227.53824010593  1.
7228.53831458222  1.
7229.5383890585  1.
7230.53846353479  1.
7231.53853801107  1.
7232.53861248736  1.
7233.53868696364  1.
7234.53876143992  1.
7235.53883591621  1.
7236.53891039249  1.
7237.53898486878  1.
7238.53905934506  1.
7239.53913382134  1.
7240.53920829763  1.
7241.53928277391  1.
7242.5393572502  1.
7243.53943172648  1.
7244.53950620277  1.
7245.53958067905  1.
7246.53965515533  1.
7247.53972963162  1.
7248.5398041079  1.
7249.53987858419  1.
7250.53995306047  1.
7251.54002753676  1.
7252.54010201304  1.
7253.54017648932  1.
7254.54025096561  1.
7255.54032544189  1.
7256.54039991818  1.
7257.54047439446  1.
7258.54054887074  1.
7259.54062334703  1.
7260.54069782331  1.
7261.5407722996  1.
7262.54084677588  1.
7263.54092125217  1.
7264.54099572845  1.
7265.54107020473  1.
7266.54114468102  1.
7267.5412191573  1.
7268.54129363359  1.
7269.54136810987  1.
7270.54144258616  1.
7271.54151706244  1.
7272.54159153872  1.
7273.54166601501  1.
7274.54174049129  1.
7275.54181496758  1.
7276.54188944386  1.
7277.54196392014  1.
7278.54203839643  1.
7279.54211287271  1.
7280.542187349  1.
7281.54226182528  1.
7282.54233630157  1.
7283.54241077785  1.
7284.54248525413  1.
7285.54255973042  1.
7286.5426342067  1.
7287.54270868299  1.
7288.54278315927  1.
7289.54285763556  1.
7290.54293211184  1.
7291.54300658812  1.
7292.54308106441  1.
7293.54315554069  1.
7294.54323001698  1.
7295.54330449326  1.
7296.54337896954  1.
7297.54345344583  1.
7298.54352792211  1.
7299.5436023984  1.
7300.54367687468  1.
7301.54375135097  1.
7302.54382582725  1.
7303.54390030353  1.
7304.54397477982  1.
7305.5440492561  1.
7306.54412373239  1.
7307.54419820867  1.
7308.54427268496  1.
7309.54434716124  1.
7310.54442163752  1.
7311.54449611381  1.
7312.54457059009  1.
7313.54464506637  1.
7314.54471954266  1.
7315.54479401894  1.
7316.54486849523  1.
7317.54494297151  1.
7318.5450174478  1.
7319.54509192408  1.
7320.54516640037  1.
7321.54524087665  1.
7322.54531535294  1.
7323.54538982922  1.
7324.5454643055  1.
7325.54553878179  1.
7326.54561325807  1.
7327.54568773436  1.
7328.54576221064  1.
7329.54583668692  1.
7330.54591116321  1.
7331.54598563949  1.
7332.54606011578  1.
7333.54613459206  1.
7334.54620906834  1.
7335.54628354463  1.
7336.54635802091  1.
7337.5464324972  1.
7338.54650697348  1.
7339.54658144977  1.
7340.54665592605  1.
7341.54673040233  1.
7342.54680487862  1.
7343.5468793549  1.
7344.54695383119  1.
7345.54702830747  1.
7346.54710278375  1.
7347.54717726004  1.
7348.54725173632  1.
7349.54732621261  1.
7350.54740068889  1.
7351.54747516517  1.
7352.54754964146  1.
7353.54762411774  1.
7354.54769859403  1.
7355.54777307031  1.
7356.5478475466  1.
7357.54792202288  1.
7358.54799649917  1.
7359.54807097545  1.
7360.54814545173  1.
7361.54821992802  1.
7362.5482944043  1.
7363.54836888059  1.
7364.54844335687  1.
7365.54851783315  1.
7366.54859230944  1.
7367.54866678572  1.
7368.54874126201  1.
7369.54881573829  1.
7370.54889021457  1.
7371.54896469086  1.
7372.54903916714  1.
7373.54911364343  1.
7374.54918811971  1.
7375.549262596  1.
7376.54933707228  1.
7377.54941154856  1.
7378.54948602485  1.
7379.54956050113  1.
7380.54963497742  1.
7381.5497094537  1.
7382.54978392999  1.
7383.54985840627  1.
7384.54993288255  1.
7385.55000735884  1.
7386.55008183512  1.
7387.55015631141  1.
7388.55023078769  1.
7389.55030526397  1.
7390.55037974026  1.
7391.55045421654  1.
7392.55052869283  1.
7393.55060316911  1.
7394.5506776454  1.
7395.55075212168  1.
7396.55082659797  1.
7397.55090107425  1.
7398.55097555053  1.
7399.55105002682  1.
7400.5511245031  1.
7401.55119897939  1.
7402.55127345567  1.
7403.55134793195  1.
7404.55142240824  1.
7405.55149688452  1.
7406.55157136081  1.
7407.55164583709  1.
7408.55172031337  1.
7409.55179478966  1.
7410.55186926594  1.
7411.55194374223  1.
7412.55201821851  1.
7413.5520926948  1.
7414.55216717108  1.
7415.55224164736  1.
7416.55231612365  1.
7417.55239059993  1.
7418.55246507622  1.
7419.5525395525  1.
7420.55261402878  1.
7421.55268850507  1.
7422.55276298135  1.
7423.55283745764  1.
7424.55291193392  1.
7425.5529864102  1.
7426.55306088649  1.
7427.55313536277  1.
7428.55320983906  1.
7429.55328431534  1.
7430.55335879163  1.
7431.55343326791  1.
7432.5535077442  1.
7433.55358222048  1.
7434.55365669676  1.
7435.55373117305  1.
7436.55380564933  1.
7437.55388012562  1.
7438.5539546019  1.
7439.55402907818  1.
7440.55410355447  1.
7441.55417803075  1.
7442.55425250704  1.
7443.55432698332  1.
7444.55440145961  1.
7445.55447593589  1.
7446.55455041217  1.
7447.55462488846  1.
7448.55469936474  1.
7449.55477384103  1.
7450.55484831731  1.
7451.5549227936  0.9982084
7452.55499726988  1.006335
7453.55507174616  1.012696
7454.55514622245  1.015131
7455.55522069873  1.017895
7456.55529517502  1.016732
7457.5553696513  1.013011
7458.55544412759  1.012367
7459.55551860387  1.016746
7460.55559308015  1.015689
7461.55566755644  1.017212
7462.55574203272  1.011921
7463.555816509  1.006991
7464.55589098529  1.007522
7465.55596546157  1.005628
7466.55603993786  1.002699
7467.55611441414  1.001961
7468.55618889043  1.007784
7469.55626336671  1.013134
7470.556337843  1.01663
7471.55641231928  1.015596
7472.55648679556  1.014188
7473.55656127185  1.014522
7474.55663574813  1.010989
7475.55671022442  1.008002
7476.5567847007  1.00829
7477.55685917698  1.0044
7478.55693365327  1.003189
7479.55700812955  1.005929
7480.55708260584  1.007641
7481.55715708212  1.006757
7482.55723155841  1.009515
7483.55730603469  1.006996
7484.55738051097  1.005036
7485.55745498726  1.008803
7486.55752946354  1.007749
7487.55760393983  1.003613
7488.55767841611  1.005245
7489.5577528924  1.009185
7490.55782736868  1.007507
7491.55790184496  1.006541
7492.55797632125  1.009374
7493.55805079753  1.008251
7494.55812527382  1.004867
7495.5581997501  0.9921813
7496.55827422638  0.9898358
7497.55834870267  0.9943262
7498.55842317895  0.997599
7499.55849765524  0.9957349
7500.55857213152  0.9952778
7501.5586466078  1.00421
7502.55872108409  1.009619
7503.55879556037  1.009894
7504.55887003666  1.008703
7505.55894451294  1.007782
7506.55901898923  1.004977
7507.55909346551  1.003662
7508.5591679418  1.003924
7509.55924241808  1.000839
7510.55931689436  1.000085
7511.55939137065  0.9947635
7512.55946584693  0.9850399
7513.55954032322  0.9898361
7514.5596147995  0.9875358
7515.55968927579  0.9806215
7516.55976375207  0.9819301
7517.55983822835  0.9892904
7518.55991270464  0.9956133
7519.55998718092  0.9998932
7520.5600616572  0.9964726
7521.56013613349  0.9951826
7522.56021060977  0.9961593
7523.56028508606  0.9980817
7524.56035956234  0.9993129
7525.56043403863  0.9972345
7526.56050851491  0.9941245
7527.56058299119  0.9879658
7528.56065746748  0.986919
7529.56073194376  0.9910742
7530.56080642005  0.9908031
7531.56088089633  0.9983925
7532.56095537262  0.9989991
7533.5610298489  0.9967719
7534.56110432518  0.9956822
7535.56117880147  0.9936976
7536.56125327775  0.9958075
7537.56132775404  0.9988465
7538.56140223032  1.003488
7539.5614767066  1.007319
7540.56155118289  1.0099
7541.56162565917  1.007752
7542.56170013546  1.005346
7543.56177461174  1.004349
7544.56184908803  1.002125
7545.56192356431  1.000923
7546.56199804059  0.9996143
7547.56207251688  1.002651
7548.56214699316  1.003168
7549.56222146945  1.00194
7550.56229594573  0.9991603
7551.56237042202  0.9986839
7552.5624448983  0.9988331
7553.56251937459  0.9995719
7554.56259385087  0.998263
7555.56266832715  0.9995304
7556.56274280344  0.9966768
7557.56281727972  0.9904794
7558.562891756  0.9910084
7559.56296623229  0.9922898
7560.56304070857  0.9854307
7561.56311518486  0.9854642
7562.56318966114  0.990283
7563.56326413743  0.9924626
7564.56333861371  0.9915282
7565.56341308999  0.9941729
7566.56348756628  0.9964255
7567.56356204256  0.9962119
7568.56363651885  0.996272
7569.56371099513  0.9955633
7570.56378547142  0.9917974
7571.5638599477  0.9919949
7572.56393442398  0.990133
7573.56400890027  0.9886917
7574.56408337655  0.9947081
7575.56415785284  1.000136
7576.56423232912  0.9993852
7577.5643068054  0.9972323
7578.56438128169  0.9949912
7579.56445575797  0.9934296
7580.56453023426  0.9927088
7581.56460471054  0.9996128
7582.56467918683  1.002164
7583.56475366311  0.9955847
7584.56482813939  0.9942699
7585.56490261568  0.9936938
7586.56497709196  0.9867741
7587.56505156825  0.9721416
7588.56512604453  0.9517472
7589.56520052082  0.9535698
7590.5652749971  0.9572349
7591.56534947338  0.9451185
7592.56542394967  0.9512093
7593.56549842595  0.9156156
7594.56557290224  0.8064736
7595.56564737852  0.6491007
7596.5657218548  0.4882057
7597.56579633109  0.3888009
7598.56587080737  0.3590784
7599.56594528366  0.3427812
7600.56601975994  0.3095646
7601.56609423622  0.2645541
7602.56616871251  0.2250561
7603.56624318879  0.1997795
7604.56631766508  0.1845632
7605.56639214136  0.1785229
7606.56646661765  0.1761943
7607.56654109393  0.1810764
7608.56661557021  0.1925125
7609.5666900465  0.211702
7610.56676452278  0.2315865
7611.56683899907  0.2580265
7612.56691347535  0.2957721
7613.56698795164  0.3254606
7614.56706242792  0.3798216
7615.5671369042  0.4470668
7616.56721138049  0.505156
7617.56728585677  0.5767409
7618.56736033306  0.720557
7619.56743480934  0.8310365
7620.56750928562  0.828975
7621.56758376191  0.7413947
7622.56765823819  0.6278722
7623.56773271448  0.5665538
7624.56780719076  0.495315
7625.56788166705  0.4591305
7626.56795614333  0.4662986
7627.56803061962  0.4827346
7628.5681050959  0.4254721
7629.56817957218  0.4132915
7630.56825404847  0.4648926
7631.56832852475  0.4985579
7632.56840300104  0.4281357
7633.56847747732  0.4105915
7634.5685519536  0.4912885
7635.56862642989  0.5329723
7636.56870090617  0.4699836
7637.56877538246  0.4250208
7638.56884985874  0.5053886
7639.56892433502  0.5842147
7640.56899881131  0.5483876
7641.56907328759  0.4732714
7642.56914776388  0.51291
7643.56922224016  0.6327008
7644.56929671645  0.6472269
7645.56937119273  0.5693631
7646.56944566901  0.5190816
7647.5695201453  0.6148977
7648.56959462158  0.7389264
7649.56966909787  0.7113763
7650.56974357415  0.62424
7651.56981805044  0.5929308
7652.56989252672  0.6965525
7653.569967003  0.8133261
7654.57004147929  0.7753016
7655.57011595557  0.7013397
7656.57019043186  0.6610951
7657.57026490814  0.7516363
7658.57033938442  0.846111
7659.57041386071  0.8261447
7660.57048833699  0.7609655
7661.57056281328  0.7097766
7662.57063728956  0.758292
7663.57071176585  0.8410255
7664.57078624213  0.8645799
7665.57086071842  0.8314282
7666.5709351947  0.7620325
7667.57100967098  0.7616332
7668.57108414727  0.8379014
7669.57115862355  0.8666088
7670.57123309984  0.8771939
7671.57130757612  0.8594297
7672.5713820524  0.826609
7673.57145652869  0.8560165
7674.57153100497  0.9217745
7675.57160548126  0.9511461
7676.57167995754  0.9391143
7677.57175443382  0.9128772
7678.57182891011  0.8754837
7679.57190338639  0.8961951
7680.57197786268  0.9419693
7681.57205233896  0.9544932
7682.57212681525  0.9552724
7683.57220129153  0.952214
7684.57227576782  0.9169396
7685.5723502441  0.9291586
7686.57242472038  0.9623327
7687.57249919667  0.9782467
7688.57257367295  0.9806889
7689.57264814923  0.9753033
7690.57272262552  0.9693648
7691.5727971018  0.9456003
7692.57287157809  0.9648101
7693.57294605437  0.9772153
7694.57302053066  0.9798448
7695.57309500694  0.978934
7696.57316948323  0.9794638
7697.57324395951  0.9695464
7698.57331843579  0.9799232
7699.57339291208  0.9757125
7700.57346738836  0.9694171
7701.57354186465  0.9731923
7702.57361634093  0.9792118
7703.57369081721  0.9721867
7704.5737652935  0.969655
7705.57383976978  0.9811609
7706.57391424607  0.9932113
7707.57398872235  0.9972327
7708.57406319863  0.9974617
7709.57413767492  1.00141
7710.5742121512  0.9950586
7711.57428662749  0.9943662
7712.57436110377  0.9876895
7713.57443558006  0.9832938
7714.57451005634  0.9811799
7715.57458453262  0.9776356
7716.57465900891  0.9790233
7717.57473348519  0.9814308
7718.57480796148  0.9773281
7719.57488243776  0.9725517
7720.57495691405  0.9830761
7721.57503139033  0.9924418
7722.57510586661  0.9976624
7723.5751803429  0.9979665
7724.57525481918  0.9976757
7725.57532929547  0.9989198
7726.57540377175  0.9975605
7727.57547824803  0.9930053
7728.57555272432  0.9928154
7729.5756272006  0.9987007
7730.57570167689  0.9954737
7731.57577615317  0.9943206
7732.57585062946  0.9942794
7733.57592510574  0.995577
7734.57599958202  0.9971327
7735.57607405831  1.00276
7736.57614853459  0.9975879
7737.57622301088  0.9984083
7738.57629748716  1.003634
7739.57637196345  1.003315
7740.57644643973  1.004933
7741.57652091601  1.003335
7742.5765953923  1.000566
7743.57666986858  0.9982184
7744.57674434487  0.9995447
7745.57681882115  0.9924312
7746.57689329743  0.9970226
7747.57696777372  0.9985137
7748.57704225  0.9972169
7749.57711672629  0.9886652
7750.57719120257  0.9905333
7751.57726567885  0.9864548
7752.57734015514  0.9776531
7753.57741463142  0.974077
7754.57748910771  0.9830152
7755.57756358399  0.9983689
7756.57763806028  1.003193
7757.57771253656  1.00649
7758.57778701284  1.007627
7759.57786148913  1.006293
7760.57793596541  1.008809
7761.5780104417  1.006464
7762.57808491798  1.004179
7763.57815939427  1.005679
7764.57823387055  1.007691
7765.57830834683  1.005543
7766.57838282312  1.0039
7767.5784572994  1.004486
7768.57853177569  1.007294
7769.57860625197  1.001929
7770.57868072826  0.9994355
7771.57875520454  1.000028
7772.57882968082  0.9939116
7773.57890415711  0.983451
7774.57897863339  0.974925
7775.57905310968  0.9772961
7776.57912758596  0.9752043
7777.57920206225  0.9744281
7778.57927653853  0.9818581
7779.57935101481  0.9916779
7780.5794254911  1.000086
7781.57949996738  1.002528
7782.57957444366  0.99734
7783.57964891995  0.9975255
7784.57972339623  0.9947213
7785.57979787252  0.9942294
7786.5798723488  0.9987159
7787.57994682509  1.006323
7788.58002130137  1.011454
7789.58009577765  1.011356
7790.58017025394  1.007613
7791.58024473022  1.005594
7792.58031920651  1.001152
7793.58039368279  0.9943401
7794.58046815908  0.9967054
7795.58054263536  1.000323
7796.58061711164  1.006991
7797.58069158793  1.008917
7798.58076606421  1.005055
7799.5808405405  1.004615
7800.58091501678  0.997932
7801.58098949307  0.9944329
7802.58106396935  0.9924756
7803.58113844563  0.9950669
7804.58121292192  0.9991947
7805.5812873982  1.001635
7806.58136187449  1.009226
7807.58143635077  1.012593
7808.58151082706  1.00806
7809.58158530334  1.004758
7810.58165977962  1.004915
7811.58173425591  1.009436
7812.58180873219  1.
7813.58188320848  1.
7814.58195768476  1.
7815.58203216104  1.
7816.58210663733  1.
7817.58218111361  1.
7818.5822555899  1.
7819.58233006618  1.
7820.58240454247  1.
7821.58247901875  1.
7822.58255349503  1.
7823.58262797132  1.
7824.5827024476  1.
7825.58277692389  1.
7826.58285140017  1.
7827.58292587645  1.
7828.58300035274  1.
7829.58307482902  1.
7830.58314930531  1.
7831.58322378159  1.
7832.58329825788  1.
7833.58337273416  1.
7834.58344721044  1.
7835.58352168673  1.
7836.58359616301  1.
7837.5836706393  1.
7838.58374511558  1.
7839.58381959186  1.
7840.58389406815  1.
7841.58396854443  1.
7842.58404302072  1.
7843.584117497  1.
7844.58419197329  1.
7845.58426644957  1.
7846.58434092585  1.
7847.58441540214  1.
7848.58448987842  1.
7849.58456435471  1.
7850.58463883099  1.
7851.58471330728  1.
7852.58478778356  1.
7853.58486225984  1.
7854.58493673613  1.
7855.58501121241  1.
7856.5850856887  1.
7857.58516016498  1.
7858.58523464127  1.
7859.58530911755  1.
7860.58538359383  1.
7861.58545807012  1.
7862.5855325464  1.
7863.58560702269  1.
7864.58568149897  1.
7865.58575597526  1.
7866.58583045154  1.
7867.58590492782  1.
7868.58597940411  1.
7869.58605388039  1.
7870.58612835668  1.
7871.58620283296  1.
7872.58627730924  1.
7873.58635178553  1.
7874.58642626181  1.
7875.5865007381  1.
7876.58657521438  1.
7877.58664969066  1.
7878.58672416695  1.
7879.58679864323  1.
7880.58687311952  1.
7881.5869475958  1.
7882.58702207209  1.
7883.58709654837  1.
7884.58717102465  1.
7885.58724550094  1.
7886.58731997722  1.
7887.58739445351  1.
7888.58746892979  1.
7889.58754340608  1.
7890.58761788236  1.
7891.58769235864  1.
7892.58776683493  1.
7893.58784131121  1.
7894.5879157875  1.
7895.58799026378  1.
7896.58806474006  1.
7897.58813921635  1.
7898.58821369263  1.
7899.58828816892  1.
7900.5883626452  1.
7901.58843712149  1.
7902.58851159777  1.
7903.58858607405  1.
7904.58866055034  1.
7905.58873502662  1.
7906.58880950291  1.
7907.58888397919  1.
7908.58895845547  1.
7909.58903293176  1.
7910.58910740804  1.
7911.58918188433  1.
7912.58925636061  1.
7913.58933083689  1.
7914.58940531318  1.
7915.58947978946  1.
7916.58955426575  1.
7917.58962874203  1.
7918.58970321832  1.
7919.5897776946  1.
7920.58985217089  1.
7921.58992664717  1.
7922.59000112345  1.
7923.59007559974  1.
7924.59015007602  1.
7925.59022455231  1.
7926.59029902859  1.
7927.59037350488  1.
7928.59044798116  1.
7929.59052245744  1.
7930.59059693373  1.
7931.59067141001  1.
7932.59074588629  1.
7933.59082036258  1.
7934.59089483886  1.
7935.59096931515  1.
7936.59104379143  1.
7937.59111826772  1.
7938.591192744  1.
7939.59126722029  1.
7940.59134169657  1.
7941.59141617285  1.
7942.59149064914  1.
7943.59156512542  1.
7944.59163960171  1.
7945.59171407799  1.
7946.59178855427  1.
7947.59186303056  1.
7948.59193750684  1.
7949.59201198313  1.
7950.59208645941  1.
7951.59216093569  1.
7952.59223541198  1.
7953.59230988826  1.
7954.59238436455  1.
7955.59245884083  1.
7956.59253331712  1.
7957.5926077934  1.
7958.59268226969  1.
7959.59275674597  1.
7960.59283122225  1.
7961.59290569854  1.
7962.59298017482  1.
7963.59305465111  1.
7964.59312912739  1.
7965.59320360367  1.
7966.59327807996  1.
7967.59335255624  1.
7968.59342703253  1.
7969.59350150881  1.
7970.59357598509  1.
7971.59365046138  1.
7972.59372493766  1.
7973.59379941395  1.
7974.59387389023  1.
7975.59394836652  1.
7976.5940228428  1.
7977.59409731908  1.
7978.59417179537  1.
7979.59424627165  1.
7980.59432074794  1.
7981.59439522422  1.
7982.5944697005  1.
7983.59454417679  1.
7984.59461865307  1.
7985.59469312936  1.
7986.59476760564  1.
7987.59484208193  1.
7988.59491655821  1.
7989.59499103449  1.
7990.59506551078  1.
7991.59513998706  1.
7992.59521446335  1.
7993.59528893963  1.
7994.59536341592  1.
7995.5954378922  1.
7996.59551236848  1.
7997.59558684477  1.
7998.59566132105  1.
7999.59573579734  1.
8000.59581027362  1.
8001.59588474991  1.
8002.59595922619  1.
8003.59603370247  1.
8004.59610817876  1.
8005.59618265504  1.
8006.59625713132  1.
8007.59633160761  1.
8008.59640608389  1.
8009.59648056018  1.
8010.59655503646  1.
8011.59662951275  1.
8012.59670398903  1.
8013.59677846532  1.
8014.5968529416  1.
8015.59692741789  1.
8016.59700189417  1.
8017.59707637045  1.
8018.59715084674  1.
8019.59722532302  1.
8020.5972997993  1.
8021.59737427559  1.
8022.59744875187  1.
8023.59752322816  1.
8024.59759770444  1.
8025.59767218073  1.
8026.59774665701  1.
8027.59782113329  1.
8028.59789560958  1.
8029.59797008586  1.
8030.59804456215  1.
8031.59811903843  1.
8032.59819351472  1.
8033.598267991  1.
8034.59834246728  1.
8035.59841694357  1.
8036.59849141985  1.
8037.59856589614  1.
8038.59864037242  1.
8039.59871484871  1.
8040.59878932499  1.
8041.59886380127  1.
8042.59893827756  1.
8043.59901275384  1.
8044.59908723013  1.
8045.59916170641  1.
8046.5992361827  1.
8047.59931065898  1.
8048.59938513526  1.
8049.59945961155  1.
8050.59953408783  1.
8051.59960856411  1.
8052.5996830404  1.
8053.59975751668  1.
8054.59983199297  1.
8055.59990646925  1.
8056.59998094554  1.
8057.60005542182  1.
8058.60012989811  1.
8059.60020437439  1.
8060.60027885067  1.
8061.60035332696  1.
8062.60042780324  1.
8063.60050227953  1.
8064.60057675581  1.
8065.60065123209  1.
8066.60072570838  1.
8067.60080018466  1.
8068.60087466095  1.
8069.60094913723  1.
8070.60102361352  1.
8071.6010980898  1.
8072.60117256608  1.
8073.60124704237  1.
8074.60132151865  1.
8075.60139599494  1.
8076.60147047122  1.
8077.6015449475  1.
8078.60161942379  1.
8079.60169390007  1.
8080.60176837636  1.
8081.60184285264  1.
8082.60191732893  1.
8083.60199180521  1.
8084.60206628149  1.
8085.60214075778  1.
8086.60221523406  1.
8087.60228971035  1.
8088.60236418663  1.
8089.60243866291  1.
8090.6025131392  1.
8091.60258761548  1.
8092.60266209177  1.
8093.60273656805  1.
8094.60281104434  1.
8095.60288552062  1.
8096.6029599969  1.
8097.60303447319  1.
8098.60310894947  1.
8099.60318342576  1.
8100.60325790204  1.
8101.60333237832  1.
8102.60340685461  1.
8103.60348133089  1.
8104.60355580718  1.
8105.60363028346  1.
8106.60370475975  1.
8107.60377923603  1.
8108.60385371231  1.
8109.6039281886  1.
8110.60400266488  1.
8111.60407714117  1.
8112.60415161745  1.
8113.60422609374  1.
8114.60430057002  1.
8115.60437504631  1.
8116.60444952259  1.
8117.60452399887  1.
8118.60459847516  1.
8119.60467295144  1.
8120.60474742773  1.
8121.60482190401  1.
8122.60489638029  1.
8123.60497085658  1.
8124.60504533286  1.
8125.60511980915  1.
8126.60519428543  1.
8127.60526876171  1.
8128.605343238  1.
8129.60541771428  1.
8130.60549219057  1.
8131.60556666685  1.
8132.60564114314  1.
8133.60571561942  1.
8134.60579009571  1.
8135.60586457199  1.
8136.60593904827  1.
8137.60601352456  1.
8138.60608800084  1.
8139.60616247713  1.
8140.60623695341  1.
8141.60631142969  1.
8142.60638590598  1.
8143.60646038226  1.
8144.60653485855  1.
8145.60660933483  1.
8146.60668381111  1.
8147.6067582874  1.
8148.60683276368  1.
8149.60690723997  1.
8150.60698171625  1.
8151.60705619254  1.
8152.60713066882  1.
8153.6072051451  1.
8154.60727962139  1.
8155.60735409767  1.
8156.60742857396  1.
8157.60750305024  1.
8158.60757752652  1.
8159.60765200281  1.
8160.60772647909  1.
8161.60780095538  1.
8162.60787543166  1.
8163.60794990795  1.
8164.60802438423  1.
8165.60809886051  1.
8166.6081733368  1.
8167.60824781308  1.
8168.60832228937  1.
8169.60839676565  1.
8170.60847124194  1.
8171.60854571822  1.
8172.6086201945  1.
8173.60869467079  1.
8174.60876914707  1.
8175.60884362336  1.
8176.60891809964  1.
8177.60899257592  1.
8178.60906705221  1.
8179.60914152849  1.
8180.60921600478  1.
8181.60929048106  1.
8182.60936495735  1.
8183.60943943363  1.
8184.60951390991  1.
8185.6095883862  1.
8186.60966286248  1.
8187.60973733877  1.
8188.60981181505  1.
8189.60988629134  1.
8190.60996076762  1.
8191.6100352439  1.
8192.61010972019  1.
8193.61018419647  1.
8194.61025867276  1.
8195.61033314904  1.
8196.61040762532  1.
8197.61048210161  1.
8198.61055657789  1.
8199.61063105418  1.
8200.61070553046  1.
8201.61078000675  1.
8202.61085448303  1.
8203.61092895931  1.
8204.6110034356  1.
8205.61107791188  1.
8206.61115238817  1.
8207.61122686445  1.
8208.61130134074  1.
8209.61137581702  1.
8210.6114502933  1.
8211.61152476959  1.
8212.61159924587  1.
8213.61167372216  1.
8214.61174819844  1.
8215.61182267472  1.
8216.61189715101  1.
8217.61197162729  1.
8218.61204610358  1.
8219.61212057986  1.
8220.61219505615  1.
8221.61226953243  1.
8222.61234400872  1.
8223.612418485  1.
8224.61249296128  1.
8225.61256743757  1.
8226.61264191385  1.
8227.61271639014  1.
8228.61279086642  1.
8229.6128653427  1.
8230.61293981899  1.
8231.61301429527  1.
8232.61308877155  1.
8233.61316324784  1.
8234.61323772412  1.
8235.61331220041  1.
8236.61338667669  1.
8237.61346115298  1.
8238.61353562926  1.
8239.61361010555  1.
8240.61368458183  1.
8241.61375905811  1.
8242.6138335344  1.
8243.61390801068  1.
8244.61398248697  1.
8245.61405696325  1.
8246.61413143953  1.
8247.61420591582  1.
8248.6142803921  1.
8249.61435486839  1.
8250.61442934467  1.
8251.61450382095  1.
8252.61457829724  1.
8253.61465277352  1.
8254.61472724981  1.
8255.61480172609  1.
8256.61487620238  1.
8257.61495067866  1.
8258.61502515494  1.
8259.61509963123  1.
8260.61517410751  1.
8261.6152485838  1.
8262.61532306008  1.
8263.61539753637  1.
8264.61547201265  1.
8265.61554648894  1.
8266.61562096522  1.
8267.6156954415  1.
8268.61576991779  1.
8269.61584439407  1.
8270.61591887036  1.
8271.61599334664  1.
8272.61606782292  1.
8273.61614229921  1.
8274.61621677549  1.
8275.61629125178  1.
8276.61636572806  1.
8277.61644020434  1.
8278.61651468063  1.
8279.61658915691  1.
8280.6166636332  1.
8281.61673810948  1.
8282.61681258577  1.
8283.61688706205  1.
8284.61696153833  1.
8285.61703601462  1.
8286.6171104909  1.
8287.61718496719  1.
8288.61725944347  1.
8289.61733391975  1.
8290.61740839604  1.
8291.61748287232  1.
8292.61755734861  1.
8293.61763182489  1.
8294.61770630118  1.
8295.61778077746  1.
8296.61785525375  1.
8297.61792973003  1.
8298.61800420631  1.
8299.6180786826  1.
8300.61815315888  1.
8301.61822763517  1.
8302.61830211145  1.
8303.61837658773  1.
8304.61845106402  1.
8305.6185255403  1.
8306.61860001659  1.
8307.61867449287  1.
8308.61874896915  1.
8309.61882344544  1.
8310.61889792172  1.
8311.61897239801  1.
8312.61904687429  1.
8313.61912135058  1.
8314.61919582686  1.
8315.61927030314  1.
8316.61934477943  1.
8317.61941925571  1.
8318.619493732  1.
8319.61956820828  1.
8320.61964268457  1.
8321.61971716085  1.
8322.61979163713  1.
8323.61986611342  1.
8324.6199405897  1.
8325.62001506598  1.
8326.62008954227  1.
8327.62016401855  1.
8328.62023849484  1.
8329.62031297112  1.
8330.62038744741  1.
8331.62046192369  1.
8332.62053639998  1.
8333.62061087626  1.
8334.62068535254  1.
8335.62075982883  1.
8336.62083430511  1.
8337.6209087814  1.
8338.62098325768  1.
8339.62105773397  1.
8340.62113221025  1.
8341.62120668654  1.
8342.62128116282  1.
8343.6213556391  1.
8344.62143011539  1.
8345.62150459167  1.
8346.62157906795  1.
8347.62165354424  1.
8348.62172802052  1.
8349.62180249681  1.
8350.62187697309  1.
8351.62195144938  1.
8352.62202592566  1.
8353.62210040194  1.
8354.62217487823  1.
8355.62224935451  1.
8356.6223238308  1.
8357.62239830708  1.
8358.62247278337  1.
8359.62254725965  1.
8360.62262173593  1.
8361.62269621222  1.
8362.6227706885  1.
8363.62284516479  1.
8364.62291964107  1.
8365.62299411735  1.
8366.62306859364  1.
8367.62314306992  1.
8368.62321754621  1.
8369.62329202249  1.
8370.62336649877  1.
8371.62344097506  1.
8372.62351545134  1.
8373.62358992763  1.
8374.62366440391  1.
8375.6237388802  1.
8376.62381335648  1.
8377.62388783276  1.
8378.62396230905  1.
8379.62403678533  1.
8380.62411126162  1.
8381.6241857379  1.
8382.62426021418  1.
8383.62433469047  1.
8384.62440916675  1.
8385.62448364304  1.
8386.62455811932  1.
8387.62463259561  1.
8388.62470707189  1.
8389.62478154818  1.
8390.62485602446  1.
8391.62493050074  1.
8392.62500497703  1.
8393.62507945331  1.
8394.6251539296  1.
8395.62522840588  1.
8396.62530288216  1.
8397.62537735845  1.
8398.62545183473  1.
8399.62552631102  1.
8400.6256007873  1.
8401.62567526358  1.
8402.62574973987  1.
8403.62582421615  1.
8404.62589869244  1.
8405.62597316872  1.
8406.62604764501  1.
8407.62612212129  1.
8408.62619659757  1.
8409.62627107386  1.
8410.62634555014  1.
8411.62642002643  1.
8412.62649450271  1.
8413.626568979  1.
8414.62664345528  1.
8415.62671793156  1.
8416.62679240785  1.
8417.62686688413  1.
8418.62694136042  1.
8419.6270158367  1.
8420.62709031299  1.
8421.62716478927  1.
8422.62723926556  1.
8423.62731374184  1.
8424.62738821812  1.
8425.6274626944  1.
8426.62753717069  1.
8427.62761164697  1.
8428.62768612326  1.
8429.62776059954  1.
8430.62783507583  1.
8431.62790955211  1.
8432.6279840284  1.
8433.62805850468  1.
8434.62813298097  1.
8435.62820745725  1.
8436.62828193353  1.
8437.62835640982  1.
8438.6284308861  1.
8439.62850536239  1.
8440.62857983867  1.
8441.62865431495  1.
8442.62872879124  1.
8443.62880326752  1.
8444.62887774381  1.
8445.62895222009  1.
8446.62902669638  1.
8447.62910117266  1.
8448.62917564894  1.
8449.62925012523  1.
8450.62932460151  1.
8451.6293990778  1.
8452.62947355408  1.
8453.62954803036  1.
8454.62962250665  1.
8455.62969698293  1.
8456.62977145922  1.
8457.6298459355  1.
8458.62992041178  1.
8459.62999488807  1.
8460.63006936435  1.
8461.63014384064  1.
8462.63021831692  1.
8463.63029279321  1.
8464.63036726949  1.
8465.63044174577  1.
8466.63051622206  1.
8467.63059069834  1.
8468.63066517463  1.
8469.63073965091  1.
8470.63081412719  1.
8471.63088860348  1.
8472.63096307976  1.
8473.63103755605  1.
8474.63111203233  1.
8475.63118650861  1.
8476.6312609849  1.
8477.63133546119  1.
8478.63140993747  1.
8479.63148441375  1.
8480.63155889004  1.
8481.63163336632  1.
8482.63170784261  1.
8483.63178231889  1.
8484.63185679517  1.
8485.63193127146  1.
8486.63200574774  1.
8487.63208022403  1.
8488.63215470031  1.
8489.6322291766  1.
8490.63230365288  1.
8491.63237812917  1.
8492.63245260545  1.
8493.63252708173  1.
8494.63260155802  1.
8495.6326760343  1.
8496.63275051058  1.
8497.63282498687  1.
8498.63289946315  1.
8499.63297393944  1.
8500.63304841572  1.
8501.63312289201  1.
8502.63319736829  1.
8503.63327184457  1.
8504.63334632086  1.
8505.63342079714  1.
8506.63349527343  1.
8507.63356974971  1.
8508.633644226  1.
8509.63371870228  1.
8510.63379317856  1.
8511.63386765485  1.
8512.63394213113  1.
8513.63401660742  1.
8514.6340910837  1.
8515.63416555998  1.
8516.63424003627  1.
8517.63431451255  1.
8518.63438898884  1.
8519.63446346512  1.
8520.63453794141  1.
8521.63461241769  1.
8522.63468689397  1.
8523.63476137026  1.
8524.63483584654  1.
8525.63491032283  1.
8526.63498479911  1.
8527.63505927539  1.
8528.63513375168  1.
8529.63520822796  1.
8530.63528270425  1.
8531.63535718053  1.
8532.63543165682  1.
8533.6355061331  1.
8534.63558060938  1.
8535.63565508567  1.
8536.63572956195  1.
8537.63580403824  1.
8538.63587851452  1.
8539.6359529908  1.
8540.63602746709  1.
8541.63610194337  1.
8542.63617641966  1.
8543.63625089594  1.
8544.63632537222  1.
8545.63639984851  1.
8546.63647432479  1.
8547.63654880108  1.
8548.63662327736  1.
8549.63669775365  1.
8550.63677222993  1.
8551.63684670621  1.
8552.6369211825  1.
8553.63699565878  1.
8554.63707013507  1.
8555.63714461135  1.
8556.63721908764  1.
8557.63729356392  1.
8558.63736804021  1.
8559.63744251649  1.
8560.63751699277  1.
8561.63759146906  1.
8562.63766594534  1.
8563.63774042163  1.
8564.63781489791  1.
8565.63788937419  1.
8566.63796385048  1.
8567.63803832676  1.
8568.63811280305  1.
8569.63818727933  1.
8570.63826175562  1.
8571.6383362319  1.
8572.63841070818  1.
8573.63848518447  1.
8574.63855966075  1.
8575.63863413704  1.
8576.63870861332  1.
8577.6387830896  1.
8578.63885756589  1.
8579.63893204217  1.
8580.63900651846  1.
8581.63908099474  1.
8582.63915547103  1.
8583.63922994731  1.
8584.63930442359  1.
8585.63937889988  1.
8586.63945337616  1.
8587.63952785245  1.
8588.63960232873  1.
8589.63967680502  1.
8590.6397512813  1.
8591.63982575758  1.
8592.63990023387  1.
8593.63997471015  1.
8594.64004918644  1.
8595.64012366272  1.
8596.64019813901  1.
8597.64027261529  1.
8598.64034709157  1.
8599.64042156786  1.
8600.64049604414  1.
8601.64057052043  1.
8602.64064499671  1.
8603.64071947299  1.
8604.64079394928  1.
8605.64086842556  1.
8606.64094290185  1.
8607.64101737813  1.
8608.64109185441  1.
8609.6411663307  1.
8610.64124080698  1.
8611.64131528327  1.
8612.64138975955  1.
8613.64146423584  1.
8614.64153871212  1.
8615.6416131884  1.
8616.64168766469  1.
8617.64176214097  1.
8618.64183661726  1.
8619.64191109354  1.
8620.64198556982  1.
8621.64206004611  1.
8622.64213452239  1.
8623.64220899868  1.
8624.64228347496  1.
8625.64235795125  1.
8626.64243242753  1.
8627.64250690381  1.
8628.6425813801  1.
8629.64265585638  1.
8630.64273033267  1.
8631.64280480895  1.
8632.64287928523  1.
8633.64295376152  1.
8634.6430282378  1.
8635.64310271409  1.
8636.64317719037  1.
8637.64325166666  1.
8638.64332614294  1.
8639.64340061923  1.
8640.64347509551  1.
8641.64354957179  1.
8642.64362404808  1.
8643.64369852436  1.
8644.64377300065  1.
8645.64384747693  1.
8646.64392195322  1.
8647.6439964295  1.
8648.64407090578  1.
8649.64414538207  1.
8650.64421985835  1.
8651.64429433463  1.
8652.64436881092  1.
8653.6444432872  1.
8654.64451776349  1.
8655.64459223977  1.
8656.64466671606  1.
8657.64474119234  1.
8658.64481566863  1.
8659.64489014491  1.
8660.64496462119  1.
8661.64503909748  1.
8662.64511357376  1.
8663.64518805005  1.
8664.64526252633  1.
8665.64533700261  1.
8666.6454114789  1.
8667.64548595518  1.
8668.64556043147  1.
8669.64563490775  1.
8670.64570938404  1.
8671.64578386032  1.
8672.64585833661  1.
8673.64593281289  1.
8674.64600728917  1.
8675.64608176546  1.
8676.64615624174  1.
8677.64623071803  1.
8678.64630519431  1.
8679.64637967059  1.
8680.64645414688  1.
8681.64652862316  1.
8682.64660309945  1.
8683.64667757573  1.
8684.64675205201  1.
8685.6468265283  1.
8686.64690100458  1.
8687.64697548087  1.
8688.64704995715  1.
8689.64712443344  1.
8690.64719890972  1.
8691.647273386  1.
8692.64734786229  1.
8693.64742233857  1.
8694.64749681486  1.
8695.64757129114  1.
8696.64764576742  1.
8697.64772024371  1.
8698.64779471999  1.
8699.64786919628  1.
8700.64794367256  1.
8701.64801814884  1.
8702.64809262513  1.
8703.64816710141  1.
8704.6482415777  1.
8705.64831605398  1.
8706.64839053027  1.
8707.64846500655  1.
8708.64853948283  1.
8709.64861395912  1.
8710.6486884354  1.
8711.64876291169  1.
8712.64883738797  1.
8713.64891186426  1.
8714.64898634054  1.
8715.64906081683  1.
8716.64913529311  1.
8717.64920976939  1.
8718.64928424568  1.
8719.64935872196  1.
8720.64943319824  1.
8721.64950767453  1.
8722.64958215081  1.
8723.6496566271  1.
8724.64973110338  1.
8725.64980557967  1.
8726.64988005595  1.
8727.64995453224  1.
8728.65002900852  1.
8729.6501034848  1.
8730.65017796109  1.
8731.65025243737  1.
8732.65032691366  1.
8733.65040138994  1.
8734.65047586622  1.
8735.65055034251  1.
8736.65062481879  1.
8737.65069929508  1.
8738.65077377136  1.
8739.65084824764  1.
8740.65092272393  1.
8741.65099720021  1.
8742.6510716765  1.
8743.65114615278  1.
8744.65122062907  1.
8745.65129510535  1.
8746.65136958164  1.
8747.65144405792  1.
8748.6515185342  1.
8749.65159301049  1.
8750.65166748677  1.
8751.65174196306  1.
8752.65181643934  1.
8753.65189091562  1.
8754.65196539191  1.
8755.65203986819  1.
8756.65211434448  1.
8757.65218882076  1.
8758.65226329704  1.
8759.65233777333  1.
8760.65241224961  1.
8761.6524867259  1.
8762.65256120218  1.
8763.65263567847  1.
8764.65271015475  1.
8765.65278463104  1.
8766.65285910732  1.
8767.6529335836  1.
8768.65300805989  1.
8769.65308253617  1.
8770.65315701246  1.
8771.65323148874  1.
8772.65330596502  1.
8773.65338044131  1.
8774.65345491759  1.
8775.65352939387  1.
8776.65360387016  1.
8777.65367834644  1.
8778.65375282273  1.
8779.65382729901  1.
8780.6539017753  1.
8781.65397625158  1.
8782.65405072787  1.
8783.65412520415  1.
8784.65419968043  1.
8785.65427415672  1.
8786.654348633  1.
8787.65442310929  1.
8788.65449758557  1.
8789.65457206186  1.
8790.65464653814  1.
8791.65472101442  1.
8792.65479549071  1.
8793.65486996699  1.
8794.65494444328  1.
8795.65501891956  1.
8796.65509339585  1.
8797.65516787213  1.
8798.65524234841  1.
8799.6553168247  1.
8800.65539130098  1.
8801.65546577726  1.
8802.65554025355  1.
8803.65561472983  1.
8804.65568920612  1.
8805.6557636824  1.
8806.65583815869  1.
8807.65591263497  1.
8808.65598711126  1.
8809.65606158754  1.
8810.65613606382  1.
8811.65621054011  1.
8812.65628501639  1.
8813.65635949268  1.
8814.65643396896  1.
8815.65650844524  1.
8816.65658292153  1.
8817.65665739781  1.
8818.6567318741  1.
8819.65680635038  1.
8820.65688082667  1.
8821.65695530295  1.
8822.65702977923  1.
8823.65710425552  1.
8824.6571787318  1.
8825.65725320809  1.
8826.65732768437  1.
8827.65740216065  1.
8828.65747663694  1.
8829.65755111322  1.
8830.65762558951  1.
8831.65770006579  1.
8832.65777454207  1.
8833.65784901836  1.
8834.65792349464  1.
8835.65799797093  1.
8836.65807244721  1.
8837.6581469235  1.
8838.65822139978  1.
8839.65829587607  1.
8840.65837035235  1.
8841.65844482863  1.
8842.65851930492  1.
8843.6585937812  1.
8844.65866825749  1.
8845.65874273377  1.
8846.65881721005  1.
8847.65889168634  1.
8848.65896616262  1.
8849.65904063891  1.
8850.65911511519  1.
8851.65918959148  1.
8852.65926406776  1.
8853.65933854404  1.
8854.65941302033  1.
8855.65948749661  1.
8856.6595619729  1.
8857.65963644918  1.
8858.65971092546  1.
8859.65978540175  1.
8860.65985987803  1.
8861.65993435432  1.
8862.6600088306  1.
8863.66008330689  1.
8864.66015778317  1.
8865.66023225946  1.
8866.66030673574  1.
8867.66038121202  1.
8868.66045568831  1.
8869.66053016459  1.
8870.66060464087  1.
8871.66067911716  1.
8872.66075359344  1.
8873.66082806973  1.
8874.66090254601  1.
8875.6609770223  1.
8876.66105149858  1.
8877.66112597486  1.
8878.66120045115  1.
8879.66127492743  1.
8880.66134940372  1.
8881.66142388  1.
8882.66149835629  1.
8883.66157283257  1.
8884.66164730886  1.
8885.66172178514  1.
8886.66179626142  1.
8887.66187073771  1.
8888.66194521399  1.
8889.66201969027  1.
8890.66209416656  1.
8891.66216864284  1.
8892.66224311913  1.
8893.66231759541  1.
8894.6623920717  1.
8895.66246654798  1.
8896.66254102427  1.
8897.66261550055  1.
8898.66268997683  1.
8899.66276445312  1.
8900.6628389294  1.
8901.66291340569  1.
8902.66298788197  1.
8903.66306235825  1.
8904.66313683454  1.
8905.66321131082  1.
8906.66328578711  1.
8907.66336026339  1.
8908.66343473967  1.
8909.66350921596  1.
8910.66358369224  1.
8911.66365816853  1.
8912.66373264481  1.
8913.6638071211  1.
8914.66388159738  1.
8915.66395607366  1.
8916.66403054995  1.
8917.66410502623  1.
8918.66417950252  1.
8919.6642539788  1.
8920.66432845508  1.
8921.66440293137  1.
8922.66447740765  1.
8923.66455188394  1.
8924.66462636022  1.
8925.6647008365  1.
8926.66477531279  1.
8927.66484978907  1.
8928.66492426536  1.
8929.66499874164  1.
8930.66507321793  1.
8931.66514769421  1.
8932.6652221705  1.
8933.66529664678  1.
8934.66537112306  1.
8935.66544559935  1.
8936.66552007563  1.
8937.66559455192  1.
8938.6656690282  1.
8939.66574350449  1.
8940.66581798077  1.
8941.66589245705  1.
8942.66596693334  1.
8943.66604140962  1.
8944.66611588591  1.
8945.66619036219  1.
8946.66626483847  1.
8947.66633931476  1.
8948.66641379104  1.
8949.66648826733  1.
8950.66656274361  1.
8951.66663721989  1.
8952.66671169618  1.
8953.66678617246  1.
8954.66686064875  1.
8955.66693512503  1.
8956.66700960132  1.
8957.6670840776  1.
8958.66715855388  1.
8959.66723303017  1.
8960.66730750645  1.
8961.66738198274  1.
8962.66745645902  1.
8963.66753093531  1.
8964.66760541159  1.
8965.66767988788  1.
8966.66775436416  1.
8967.66782884044  1.
8968.66790331673  1.
8969.66797779301  1.
8970.6680522693  1.
8971.66812674558  1.
8972.66820122186  1.
8973.66827569815  1.
8974.66835017443  1.
8975.66842465072  1.
8976.668499127  1.
8977.66857360329  1.
8978.66864807957  1.
8979.66872255585  1.
8980.66879703214  1.
8981.66887150842  1.
8982.66894598471  1.
8983.66902046099  1.
8984.66909493727  1.
8985.66916941356  1.
8986.66924388984  1.
8987.66931836613  1.
8988.66939284241  1.
8989.6694673187  1.
8990.66954179498  1.
8991.66961627126  1.
8992.66969074755  1.
8993.66976522383  1.
8994.66983970012  1.
8995.6699141764  1.
8996.66998865268  1.
8997.67006312897  1.
8998.67013760525  1.
8999.67021208154  1.
9000.67028655782  1.
9001.6703610341  1.
9002.67043551039  1.
9003.67050998667  1.
9004.67058446296  1.
9005.67065893924  1.
9006.67073341553  1.
9007.67080789181  1.
9008.67088236809  1.
9009.67095684438  1.
9010.67103132066  1.
9011.67110579695  1.
9012.67118027323  1.
9013.67125474952  1.
9014.6713292258  1.
9015.67140370208  1.
9016.67147817837  1.
9017.67155265465  1.
9018.67162713094  1.
9019.67170160722  1.
9020.67177608351  1.
9021.67185055979  1.
9022.67192503607  1.
9023.67199951236  1.
9024.67207398864  1.
9025.67214846493  1.
9026.67222294121  1.
9027.67229741749  1.
9028.67237189378  1.
9029.67244637006  1.
9030.67252084635  1.
9031.67259532263  1.
9032.67266979892  1.
9033.6727442752  1.
9034.67281875149  1.
9035.67289322777  1.
9036.67296770405  1.
9037.67304218034  1.
9038.67311665662  1.
9039.6731911329  1.
9040.67326560919  1.
9041.67334008547  1.
9042.67341456176  1.
9043.67348903804  1.
9044.67356351433  1.
9045.67363799061  1.
9046.6737124669  1.
9047.67378694318  1.
9048.67386141946  1.
9049.67393589575  1.
9050.67401037203  1.
9051.67408484832  1.
9052.6741593246  1.
9053.67423380088  1.
9054.67430827717  1.
9055.67438275345  1.
9056.67445722974  1.
9057.67453170602  1.
9058.6746061823  1.
9059.67468065859  1.
9060.67475513487  1.
9061.67482961116  1.
9062.67490408744  1.
9063.67497856373  1.
9064.67505304001  1.
9065.67512751629  1.
9066.67520199258  1.
9067.67527646886  1.
9068.67535094515  1.
9069.67542542143  1.
9070.67549989771  1.
9071.675574374  1.
9072.67564885028  1.
9073.67572332657  1.
9074.67579780285  1.
9075.67587227914  1.
9076.67594675542  1.
9077.6760212317  1.
9078.67609570799  1.
9079.67617018427  1.
9080.67624466056  1.
9081.67631913684  1.
9082.67639361312  1.
9083.67646808941  1.
9084.67654256569  1.
9085.67661704198  1.
9086.67669151826  1.
9087.67676599455  1.
9088.67684047083  1.
9089.67691494712  1.
9090.6769894234  1.
9091.67706389968  1.
9092.67713837597  1.
9093.67721285225  1.
9094.67728732854  1.
9095.67736180482  1.
9096.6774362811  1.
9097.67751075739  1.
9098.67758523367  1.
9099.67765970996  1.
9100.67773418624  1.
9101.67780866253  1.
9102.67788313881  1.
9103.67795761509  1.
9104.67803209138  1.
9105.67810656766  1.
9106.67818104395  1.
9107.67825552023  1.
9108.67832999651  1.
9109.6784044728  1.
9110.67847894908  1.
9111.67855342537  1.
9112.67862790165  1.
9113.67870237794  1.
9114.67877685422  1.
9115.6788513305  1.
9116.67892580679  1.
9117.67900028307  1.
9118.67907475936  1.
9119.67914923564  1.
9120.67922371193  1.
9121.67929818821  1.
9122.6793726645  1.
9123.67944714078  1.
9124.67952161706  1.
9125.67959609335  1.
9126.67967056963  1.
9127.67974504591  1.
9128.6798195222  1.
9129.67989399848  1.
9130.67996847477  1.
9131.68004295105  1.
9132.68011742734  1.
9133.68019190362  1.
9134.6802663799  1.
9135.68034085619  1.
9136.68041533247  1.
9137.68048980876  1.
9138.68056428504  1.
9139.68063876133  1.
9140.68071323761  1.
9141.68078771389  1.
9142.68086219018  1.
9143.68093666646  1.
9144.68101114275  1.
9145.68108561903  1.
9146.68116009531  1.
9147.6812345716  1.
9148.68130904788  1.
9149.68138352417  1.
9150.68145800045  1.
9151.68153247673  1.
9152.68160695302  1.
9153.6816814293  1.
9154.68175590559  1.
9155.68183038187  1.
9156.68190485816  1.
9157.68197933444  1.
9158.68205381072  1.
9159.68212828701  1.
9160.68220276329  1.
9161.68227723958  1.
9162.68235171586  1.
9163.68242619215  1.
9164.68250066843  1.
9165.68257514472  1.
9166.682649621  1.
9167.68272409728  1.
9168.68279857357  1.
9169.68287304985  1.
9170.68294752614  1.
9171.68302200242  1.
9172.6830964787  1.
9173.68317095499  1.
9174.68324543127  1.
9175.68331990755  1.
9176.68339438384  1.
9177.68346886013  1.
9178.68354333641  1.
9179.68361781269  1.
9180.68369228898  1.
9181.68376676526  1.
9182.68384124155  1.
9183.68391571783  1.
9184.68399019411  1.
9185.6840646704  1.
9186.68413914668  1.
9187.68421362297  1.
9188.68428809925  1.
9189.68436257554  1.
9190.68443705182  1.
9191.6845115281  1.
9192.68458600439  1.
9193.68466048067  1.
9194.68473495696  1.
9195.68480943324  1.
9196.68488390952  1.
9197.68495838581  1.
9198.68503286209  1.
9199.68510733838  1.
