5550.4189453125  0.9796875
5551.67063748836  0.9912127
5552.92232966423  1.003462
5554.17402184009  0.9804425
5555.42571401596  0.9765828
5556.67740619182  0.9892942
5557.92909836769  0.9947643
5559.18079054355  1.003314
5560.43248271942  0.9866062
5561.68417489528  0.9648536
5562.93586707115  0.9725475
5564.18755924701  0.9846342
5565.43925142288  0.9754236
5566.69094359874  0.9698734
5567.94263577461  0.973519
5569.19432795047  0.9776214
5570.44602012634  0.9815184
5571.69771230221  0.9824231
5572.94940447807  0.990997
5574.20109665394  0.9881681
5575.4527888298  0.9864506
5576.70448100567  0.9779751
5577.95617318153  0.9683017
5579.2078653574  0.9941655
5580.45955753326  0.9993131
5581.71124970913  0.9579965
5582.96294188499  0.9436604
5584.21463406086  0.9545479
5585.46632623672  0.9558641
5586.71801841259  0.95632
5587.96971058845  0.9614239
5589.22140276432  0.9722472
5590.47309494018  0.9863625
5591.72478711605  0.9901599
5592.97647929191  0.9798028
5594.22817146778  0.9801843
5595.47986364364  0.9713272
5596.73155581951  0.9780393
5597.98324799537  0.9977473
5599.23494017124  0.9856563
5600.4866323471  0.975641
5601.73832452297  0.9795511
5602.99001669884  0.9738143
5604.2417088747  0.9758414
5605.49340105056  0.9946697
5606.74509322643  0.9876899
5607.99678540229  0.98418
5609.24847757816  0.9829882
5610.50016975403  0.9642865
5611.75186192989  0.9623182
5613.00355410576  0.9822335
5614.25524628162  0.9959475
5615.50693845749  0.998969
5616.75863063335  0.9956902
5618.01032280922  0.995825
5619.26201498508  1.000705
5620.51370716095  0.987297
5621.76539933681  0.9704287
5623.01709151268  0.9812302
5624.26878368854  0.9891552
5625.52047586441  0.9791995
5626.77216804027  0.9852834
5628.02386021614  0.9825841
5629.275552392  0.9805927
5630.52724456787  1.00044
5631.77893674373  0.9979286
5633.0306289196  0.9771726
5634.28232109546  0.9855493
5635.53401327133  0.9981314
5636.78570544719  0.9935706
5638.03739762306  0.9865518
5639.28908979892  0.9680752
5640.54078197479  0.9726022
5641.79247415065  1.002458
5643.04416632652  1.002043
5644.29585850238  0.9936954
5645.54755067825  0.9973394
5646.79924285412  1.008166
5648.05093502998  1.012128
5649.30262720585  1.005361
5650.55431938171  0.9967242
5651.80601155758  0.9952421
5653.05770373344  1.008482
5654.30939590931  0.9925439
5655.56108808517  0.9740843
5656.81278026104  0.9894208
5658.0644724369  0.9918659
5659.31616461277  0.987751
5660.56785678863  0.9989138
5661.8195489645  1.008697
5663.07124114036  1.0064
5664.32293331623  0.9991369
5665.57462549209  0.9965119
5666.82631766796  1.006007
5668.07800984382  0.9993502
5669.32970201969  0.9982877
5670.58139419555  1.008876
5671.83308637142  0.9989935
5673.08477854728  0.9765015
5674.33647072315  0.9865376
5675.58816289901  0.9985529
5676.83985507488  0.9811141
5678.09154725074  0.9662014
5679.34323942661  0.9714468
5680.59493160248  0.9840463
5681.84662377834  0.9851832
5683.09831595421  0.9793119
5684.35000813007  0.9893278
5685.60170030594  0.996713
5686.8533924818  0.9924986
5688.10508465767  0.9825059
5689.35677683353  0.9820298
5690.6084690094  0.9871786
5691.86016118526  0.98428
5693.11185336113  0.9853619
5694.36354553699  0.9880726
5695.61523771286  0.9869325
5696.86692988872  0.9751576
5698.11862206459  0.9753127
5699.37031424045  0.9881579
5700.62200641632  0.9736845
5701.87369859218  0.9727867
5703.12539076805  0.9969643
5704.37708294391  0.9884475
5705.62877511978  0.9786663
5706.88046729564  0.9811808
5708.13215947151  0.9820114
5709.38385164737  0.9889147
5710.63554382324  0.9924942
5711.88723599911  1.000187
5713.13892817497  1.004184
5714.39062035083  1.001464
5715.6423125267  0.9932601
5716.89400470257  0.998985
5718.14569687843  0.9948962
5719.3973890543  0.9865652
5720.64908123016  0.9825726
5721.90077340603  0.9831746
5723.15246558189  0.966688
5724.40415775776  0.97672
5725.65584993362  0.9858264
5726.90754210949  0.989008
5728.15923428535  0.9903988
5729.41092646122  0.9960415
5730.66261863708  0.9998472
5731.91431081295  0.9922249
5733.16600298881  0.980926
5734.41769516468  0.9685996
5735.66938734054  0.9671611
5736.92107951641  0.9872426
5738.17277169227  0.9915273
5739.42446386814  0.9919541
5740.676156044  0.9946031
5741.92784821987  0.9883062
5743.17954039573  0.9877012
5744.4312325716  0.9857292
5745.68292474746  0.9889656
5746.93461692333  1.002431
5748.1863090992  1.002012
5749.43800127506  0.9821011
5750.68969345092  0.9762405
5751.94138562679  0.9867752
5753.19307780265  0.9869512
5754.44476997852  0.9787548
5755.69646215439  0.9850895
5756.94815433025  0.9925711
5758.19984650612  0.9944818
5759.45153868198  0.9824978
5760.70323085785  0.9882979
5761.95492303371  0.9959593
5763.20661520958  0.9932704
5764.45830738544  0.9855204
5765.70999956131  0.9852207
5766.96169173717  0.9917514
5768.21338391304  0.993329
5769.4650760889  0.9880658
5770.71676826477  0.9839932
5771.96846044063  0.985439
5773.2201526165  0.9838333
5774.47184479236  0.9820123
5775.72353696823  0.9824845
5776.97522914409  0.9919348
5778.22692131996  0.989475
5779.47861349582  0.9844097
5780.73030567169  0.9738949
5781.98199784755  0.9726034
5783.23369002342  0.9894248
5784.48538219928  0.9915526
5785.73707437515  0.985647
5786.98876655102  0.9877022
5788.24045872688  0.9809024
5789.49215090274  0.9775602
5790.74384307861  0.9858637
5791.99553525448  0.9861192
5793.24722743034  0.9865279
5794.49891960621  0.9867762
5795.75061178207  0.9936849
5797.00230395794  0.9922417
5798.2539961338  0.9928305
5799.50568830967  0.991353
5800.75738048553  0.9882787
5802.0090726614  0.9883995
5803.26076483726  0.9833576
5804.51245701313  0.9887041
5805.76414918899  0.9969268
5807.01584136486  0.9962092
5808.26753354072  1.00356
5809.51922571659  1.001365
5810.77091789245  0.9875349
5812.02261006832  0.9820575
5813.27430224418  0.9930701
5814.52599442005  0.9926698
5815.77768659591  0.9946237
5817.02937877178  1.005367
5818.28107094764  1.000369
5819.53276312351  1.003022
5820.78445529937  0.9979037
5822.03614747524  1.000352
5823.28783965111  1.007825
5824.53953182697  1.010167
5825.79122400283  1.009595
5827.0429161787  1.013263
5828.29460835457  1.007663
5829.54630053043  0.9947484
5830.7979927063  0.9956553
5832.04968488216  1.010145
5833.30137705803  1.012084
5834.55306923389  1.00607
5835.80476140976  1.007784
5837.05645358562  1.005187
5838.30814576149  1.001891
5839.55983793735  0.9989919
5840.81153011322  0.9994202
5842.06322228908  0.9966525
5843.31491446495  0.9993747
5844.56660664081  1.005935
5845.81829881668  1.00791
5847.06999099254  1.012041
5848.32168316841  1.007069
5849.57337534427  0.9907692
5850.82506752014  0.9881256
5852.076759696  0.9877351
5853.32845187187  0.981843
5854.58014404773  0.9861864
5855.8318362236  0.9858364
5857.08352839946  0.9959673
5858.33522057533  0.9945188
5859.5869127512  0.9936739
5860.83860492706  0.9871152
5862.09029710293  0.9948416
5863.34198927879  1.006649
5864.59368145466  1.007066
5865.84537363052  0.9943553
5867.09706580639  0.9816642
5868.34875798225  0.9781972
5869.60045015812  0.9758399
5870.85214233398  0.9743186
5872.10383450985  0.9790867
5873.35552668571  0.9758668
5874.60721886158  0.9718788
5875.85891103744  0.9686202
5877.11060321331  0.9627181
5878.36229538917  0.9742345
5879.61398756504  0.9964494
5880.8656797409  0.9988905
5882.11737191677  1.002177
5883.36906409263  1.002694
5884.6207562685  0.9859774
5885.87244844436  0.9476357
5887.12414062023  0.9539072
5888.37583279609  0.9698511
5889.62752497196  0.9768059
5890.87921714782  0.944628
5892.13090932369  0.9331681
5893.38260149956  0.9443736
5894.63429367542  0.9767424
5895.88598585129  0.9802246
5897.13767802715  0.9752889
5898.38937020301  0.980372
5899.64106237888  0.9969203
5900.89275455475  0.9969332
5902.14444673061  0.9955461
5903.39613890648  0.9995867
5904.64783108234  1.003741
5905.89952325821  0.9978922
5907.15121543407  1.002738
5908.40290760994  1.006425
5909.6545997858  1.002661
5910.90629196167  0.9972255
5912.15798413753  0.994626
5913.4096763134  0.9961067
5914.66136848926  0.9968956
5915.91306066513  0.9930478
5917.16475284099  0.9926189
5918.41644501686  0.9963815
5919.66813719272  1.004112
5920.91982936859  0.9963197
5922.17152154445  0.9950073
5923.42321372032  0.9958798
5924.67490589619  0.9979945
5925.92659807205  0.9861311
5927.17829024791  0.9798235
5928.42998242378  0.9963223
5929.68167459964  1.004242
5930.93336677551  0.9925305
5932.18505895137  0.994921
5933.43675112724  0.9936837
5934.6884433031  0.9901504
5935.94013547897  0.9853765
5937.19182765484  0.9931408
5938.4435198307  0.9891673
5939.69521200657  0.9869111
5940.94690418243  1.003999
5942.1985963583  1.002201
5943.45028853416  1.004887
5944.70198071003  0.9976529
5945.95367288589  0.9868685
5947.20536506176  0.9924096
5948.45705723762  0.9911364
5949.70874941349  0.9802387
5950.96044158935  0.9849982
5952.21213376522  0.9963527
5953.46382594108  0.9866578
5954.71551811695  0.9954303
5955.96721029281  0.9927154
5957.21890246868  0.9863562
5958.47059464454  0.9866377
5959.72228682041  0.9965579
5960.97397899627  0.9934531
5962.22567117214  0.9867237
5963.477363348  0.9913624
5964.72905552387  0.9942525
5965.98074769973  0.9982646
5967.2324398756  0.995847
5968.48413205147  0.9920694
5969.73582422733  0.993618
5970.9875164032  0.9847718
5972.23920857906  0.9836841
5973.49090075493  0.9934123
5974.74259293079  0.987574
5975.99428510666  0.9860263
5977.24597728252  0.994464
5978.49766945839  0.9958442
5979.74936163425  0.9880224
5981.00105381012  0.9852111
5982.25274598598  0.9900958
5983.50443816185  0.9997409
5984.75613033771  0.9962685
5986.00782251358  0.9897618
5987.25951468944  0.9916967
5988.51120686531  0.9930567
5989.76289904117  0.9907126
5991.01459121704  0.9850024
5992.2662833929  0.9880484
5993.51797556877  1.000793
5994.76966774463  1.005799
5996.0213599205  1.000725
5997.27305209636  0.9846474
5998.52474427223  0.9899884
5999.77643644809  1.003265
6001.02812862396  1.005004
6002.27982079982  1.006064
6003.53151297569  0.9938573
6004.78320515156  0.9950242
6006.03489732742  1.009158
6007.28658950329  1.000744
6008.53828167915  0.9983585
6009.78997385502  0.9951456
6011.04166603088  0.9774731
6012.29335820675  0.9711716
6013.54505038261  0.9854105
6014.79674255848  0.9994304
6016.04843473434  0.9942324
6017.30012691021  0.9876422
6018.55181908607  0.9914278
6019.80351126194  0.9914488
6021.0552034378  0.9904917
6022.30689561367  0.9844393
6023.55858778953  0.9864351
6024.8102799654  1.000594
6026.06197214126  1.008309
6027.31366431713  1.000239
6028.56535649299  0.9908233
6029.81704866886  0.9957821
6031.06874084472  0.9965374
6032.32043302059  0.9947114
6033.57212519645  0.9930853
6034.82381737232  0.9927168
6036.07550954818  0.9936489
6037.32720172405  0.9963311
6038.57889389991  0.9995811
6039.83058607578  1.006291
6041.08227825165  1.001062
6042.33397042751  0.9903067
6043.58566260338  0.996245
6044.83735477924  0.9936644
6046.08904695511  0.9937339
6047.34073913097  0.9992464
6048.59243130684  1.003071
6049.8441234827  1.006622
6051.09581565857  1.009429
6052.34750783443  1.006987
6053.5992000103  1.003736
6054.85089218616  0.9943415
6056.10258436203  0.9906997
6057.35427653789  0.9983788
6058.60596871376  1.00304
6059.85766088962  1.002714
6061.10935306549  0.9990985
6062.36104524135  0.9956394
6063.61273741722  1.001935
6064.86442959308  1.002311
6066.11612176895  1.003119
6067.36781394481  1.01364
6068.61950612068  1.007891
6069.87119829654  0.9970701
6071.12289047241  1.004696
6072.37458264827  1.007738
6073.62627482414  0.9999976
6074.877967  0.9930908
6076.12965917587  0.9981998
6077.38135135173  1.010697
6078.6330435276  1.007106
6079.88473570347  0.9968396
6081.13642787933  0.9923409
6082.38812005519  1.002528
6083.63981223106  1.013714
6084.89150440692  1.003715
6086.14319658279  0.9952796
6087.39488875866  1.000947
6088.64658093452  0.996818
6089.89827311039  0.9923083
6091.14996528625  0.9983916
6092.40165746212  1.000279
6093.65334963798  1.004779
6094.90504181385  1.007955
6096.15673398971  1.001887
6097.40842616558  0.9880009
6098.66011834144  0.993448
6099.91181051731  1.000734
6101.16350269317  1.000084
6102.41519486904  1.000679
6103.6668870449  1.001508
6104.91857922077  1.004176
6106.17027139663  1.001956
6107.4219635725  0.9968763
6108.67365574836  0.9988813
6109.92534792423  0.9944391
6111.17704010009  0.9979972
6112.42873227596  1.007295
6113.68042445182  0.998624
6114.93211662769  0.9948565
6116.18380880355  0.9863344
6117.43550097942  0.9765317
6118.68719315528  0.9876485
6119.93888533115  0.9956302
6121.19057750702  0.9982781
6122.44226968288  1.003169
6123.69396185875  1.009207
6124.94565403461  1.002386
6126.19734621048  0.9973347
6127.44903838634  1.000279
6128.70073056221  0.9982073
6129.95242273807  0.9963153
6131.20411491394  0.9935378
6132.4558070898  0.9925386
6133.70749926567  0.989842
6134.95919144153  0.992573
6136.2108836174  0.9871951
6137.46257579326  0.987878
6138.71426796913  0.9992533
6139.96596014499  1.001623
6141.21765232086  1.005175
6142.46934449672  1.013243
6143.72103667259  1.012081
6144.97272884845  1.006261
6146.22442102432  0.9984795
6147.47611320018  1.001531
6148.72780537605  1.006834
6149.97949755191  1.009282
6151.23118972778  0.9994369
6152.48288190365  1.000534
6153.73457407951  1.002794
6154.98626625538  1.004685
6156.23795843124  0.9976861
6157.48965060711  0.9918753
6158.74134278297  0.9916495
6159.99303495884  0.9989414
6161.2447271347  1.007664
6162.49641931057  1.004623
6163.74811148643  0.9965693
6164.9998036623  0.9922547
6166.25149583816  0.9968989
6167.50318801403  1.004168
6168.75488018989  1.002598
6170.00657236576  0.9927201
6171.25826454162  0.9916905
6172.50995671749  1.004652
6173.76164889335  1.009345
6175.01334106922  0.9974738
6176.26503324508  0.9900599
6177.51672542095  0.9921951
6178.76841759681  0.9911041
6180.02010977268  0.9925381
6181.27180194854  0.997925
6182.52349412441  1.002883
6183.77518630027  1.006014
6185.02687847614  0.9977542
6186.278570652  0.9937006
6187.53026282787  0.9892477
6188.78195500374  0.9943624
6190.0336471796  1.005474
6191.28533935547  0.9994937
6192.53703153133  0.9985226
6193.7887237072  1.000456
6195.04041588306  0.9979727
6196.29210805893  0.9921754
6197.54380023479  0.9951865
6198.79549241066  1.002431
6200.04718458652  1.000963
6201.29887676239  1.002374
6202.55056893825  1.001006
6203.80226111412  0.9996132
6205.05395328998  1.000581
6206.30564546585  1.000426
6207.55733764171  0.9956998
6208.80902981758  1.003235
6210.06072199344  1.004106
6211.31241416931  1.000182
6212.56410634517  1.001428
6213.81579852104  1.004538
6215.0674906969  0.9984468
6216.31918287277  0.9982066
6217.57087504863  1.007201
6218.8225672245  1.004555
6220.07425940036  0.9895425
6221.32595157623  0.9898216
6222.57764375209  0.9977591
6223.82933592796  1.004059
6225.08102810383  1.001194
6226.33272027969  0.991021
6227.58441245556  0.9865752
6228.83610463142  0.9868933
6230.08779680728  0.9908205
6231.33948898315  1.000615
6232.59118115902  0.9978662
6233.84287333488  0.9867475
6235.09456551075  0.9893255
6236.34625768661  0.9962152
6237.59794986248  0.9885616
6238.84964203834  0.9842526
6240.10133421421  0.9876429
6241.35302639007  0.9913442
6242.60471856594  0.9935426
6243.8564107418  0.9883979
6245.10810291767  0.9905384
6246.35979509353  0.9856684
6247.6114872694  0.9819899
6248.86317944526  0.9933615
6250.11487162113  0.9940538
6251.36656379699  0.9979526
6252.61825597286  0.9995567
6253.86994814872  0.9972948
6255.12164032459  1.001166
6256.37333250045  1.006169
6257.62502467632  1.003176
6258.87671685218  0.9940858
6260.12840902805  0.9912238
6261.38010120391  0.9975248
6262.63179337978  0.9992583
6263.88348555565  0.9881641
6265.13517773151  0.9885976
6266.38686990737  0.9872154
6267.63856208324  0.9852321
6268.89025425911  0.9941105
6270.14194643497  0.9956136
6271.39363861084  0.9875253
6272.6453307867  0.9957657
6273.89702296257  0.9945145
6275.14871513843  0.9859976
6276.4004073143  0.971749
6277.65209949016  0.9341972
6278.90379166603  0.898663
6280.15548384189  0.9171076
6281.40717601776  0.9509332
6282.65886819362  0.9553233
6283.91056036949  0.9530637
6285.16225254535  0.9661231
6286.41394472122  0.9830775
6287.66563689708  0.9852306
6288.91732907295  0.9794699
6290.16902124881  0.9770778
6291.42071342468  0.983034
6292.67240560054  0.9780993
6293.92409777641  0.971729
6295.17578995227  0.9786946
6296.42748212814  0.9695897
6297.679174304  0.9676723
6298.93086647987  0.9758664
6300.18255865574  0.9809334
6301.4342508316  0.9804047
6302.68594300747  0.9793832
6303.93763518333  0.9737303
6305.1893273592  0.9757837
6306.44101953506  0.9775748
6307.69271171093  0.9810944
6308.94440388679  0.9762343
6310.19609606266  0.9826248
6311.44778823852  0.984653
6312.69948041439  0.9812611
6313.95117259025  0.9777114
6315.20286476612  0.9849046
6316.45455694198  0.9972067
6317.70624911785  1.00221
6318.95794129371  1.000103
6320.20963346958  0.9935758
6321.46132564544  0.9970823
6322.71301782131  1.000306
6323.96470999717  0.9942435
6325.21640217304  0.9894621
6326.4680943489  0.9907216
6327.71978652477  0.9931092
6328.97147870063  0.9906076
6330.2231708765  0.9959244
6331.47486305236  1.003752
6332.72655522823  0.9960536
6333.9782474041  0.9931037
6335.22993957996  1.001611
6336.48163175583  0.9974106
6337.73332393169  0.9900333
6338.98501610756  0.9940292
6340.23670828342  0.9968391
6341.48840045929  0.9929701
6342.74009263515  0.9935075
6343.99178481102  0.9959133
6345.24347698688  1.000997
6346.49516916275  1.001928
6347.74686133861  0.9980663
6348.99855351448  1.002582
6350.25024569034  1.007031
6351.50193786621  1.004619
6352.75363004207  1.004454
6354.00532221794  1.007349
6355.2570143938  0.9965832
6356.50870656967  0.9944083
6357.76039874553  1.010321
6359.0120909214  1.009029
6360.26378309726  0.996365
6361.51547527313  0.993722
6362.76716744899  0.9974954
6364.01885962486  0.9998913
6365.27055180072  0.9966991
6366.52224397659  1.002188
6367.77393615245  1.004416
6369.02562832832  0.9942639
6370.27732050419  0.9995335
6371.52901268005  1.005582
6372.78070485592  1.003157
6374.03239703178  1.011139
6375.28408920765  1.013165
6376.53578138351  1.014585
6377.78747355938  1.006664
6379.03916573524  1.001823
6380.29085791111  0.9946815
6381.54255008697  1.002959
6382.79424226284  1.013337
6384.0459344387  1.009312
6385.29762661457  1.009774
6386.54931879043  1.003572
6387.8010109663  1.002216
6389.05270314216  1.008049
6390.30439531803  1.009616
6391.55608749389  1.014794
6392.80777966976  1.011195
6394.05947184562  1.00739
6395.31116402149  1.004017
6396.56285619735  0.9997734
6397.81454837322  1.011585
6399.06624054908  1.011685
6400.31793272495  1.005441
6401.56962490081  1.008799
6402.82131707668  1.014649
6404.07300925254  1.00624
6405.32470142841  0.9970934
6406.57639360427  1.009796
6407.82808578014  1.015454
6409.079777956  1.016442
6410.33147013187  1.010188
6411.58316230773  1.00605
6412.8348544836  1.002069
6414.08654665946  1.001348
6415.33823883533  0.9908777
6416.58993101119  0.9960415
6417.84162318706  0.9995555
6419.09331536293  0.9991111
6420.34500753879  1.002885
6421.59669971466  0.997141
6422.84839189052  0.9837596
6424.10008406639  0.9904194
6425.35177624225  0.9973134
6426.60346841812  0.9925042
6427.85516059398  0.9908623
6429.10685276985  0.9935408
6430.35854494571  0.9996843
6431.61023712158  1.002597
6432.86192929744  0.9923419
6434.11362147331  0.9777365
6435.36531364917  0.968138
6436.61700582504  0.968007
6437.8686980009  0.9741894
6439.12039017677  0.97839
6440.37208235263  0.9814143
6441.6237745285  0.9879738
6442.87546670436  0.9840382
6444.12715888023  0.9700228
6445.37885105609  0.9897646
6446.63054323196  0.9915138
6447.88223540782  0.9934784
6449.13392758369  1.001633
6450.38561975955  1.001893
6451.63731193542  0.996443
6452.88900411128  0.9893646
6454.14069628715  0.9996849
6455.39238846302  1.000963
6456.64408063888  0.9921511
6457.89577281475  0.9876847
6459.14746499061  0.9793187
6460.39915716648  0.9818493
6461.65084934234  0.9949042
6462.90254151821  1.007201
6464.15423369407  1.004258
6465.40592586994  0.9914737
6466.6576180458  0.9981334
6467.90931022167  0.9901769
6469.16100239753  0.9873106
6470.4126945734  0.997897
6471.66438674926  1.002246
6472.91607892513  0.9944447
6474.16777110099  1.002528
6475.41946327686  1.003538
6476.67115545272  0.9947036
6477.92284762859  0.9967317
6479.17453980445  1.003651
6480.42623198032  0.9907963
6481.67792415618  0.9928514
6482.92961633205  1.010781
6484.18130850791  1.009987
6485.43300068378  1.000857
6486.68469285964  1.003016
6487.93638503551  0.9872044
6489.18807721138  0.9773265
6490.43976938724  0.9828846
6491.69146156311  0.9784096
6492.94315373897  0.9804012
6494.19484591484  0.9882559
6495.4465380907  0.9885406
6496.69823026657  0.9900897
6497.94992244243  0.9937838
6499.2016146183  0.9923307
6500.45330679416  0.989795
6501.70499897003  0.9860712
6502.95669114589  0.9817882
6504.20838332176  0.9850996
6505.46007549762  0.9896613
6506.71176767349  0.9897324
6507.96345984935  0.9868546
6509.21515202522  0.9982433
6510.46684420108  1.001047
6511.71853637695  0.9950499
6512.97022855281  0.9959623
6514.22192072868  0.9927104
6515.47361290454  0.9991176
6516.72530508041  1.001953
6517.97699725627  0.9941123
6519.22868943214  0.9895664
6520.48038160801  0.985314
6521.73207378387  0.9828588
6522.98376595973  0.9870231
6524.2354581356  0.9910377
6525.48715031146  0.9827681
6526.73884248733  0.9809632
6527.9905346632  0.98412
6529.24222683906  0.9777804
6530.49391901493  0.9842066
6531.74561119079  0.9891112
6532.99730336666  0.9815071
6534.24899554252  0.9741015
6535.50068771839  0.9723566
6536.75237989425  0.9751458
6538.00407207012  0.9684384
6539.25576424598  0.9650478
6540.50745642185  0.9709483
6541.75914859771  0.9682477
6543.01084077358  0.9620531
6544.26253294944  0.958227
6545.51422512531  0.9492788
6546.76591730117  0.9481532
6548.01760947704  0.9561543
6549.2693016529  0.950069
6550.52099382877  0.940219
6551.77268600463  0.9352688
6553.0243781805  0.9081726
6554.27607035636  0.8590879
6555.52776253223  0.7895414
6556.77945470809  0.6722617
6558.03114688396  0.5731984
6559.28283905982  0.6061895
6560.53453123569  0.719152
6561.78622341155  0.832749
6563.03791558742  0.8914306
6564.28960776329  0.9145181
6565.54129993915  0.9404052
6566.79299211502  0.9444688
6568.04468429088  0.9554294
6569.29637646675  0.9694189
6570.54806864261  0.9786489
6571.79976081848  0.9784301
6573.05145299434  0.9783049
6574.30314517021  0.9907293
6575.55483734607  0.9842732
6576.80652952194  0.9905625
6578.0582216978  0.9957776
6579.30991387367  0.9945294
6580.56160604953  0.986259
6581.8132982254  0.9891331
6583.06499040126  0.9969597
6584.31668257713  0.9925421
6585.56837475299  0.9907426
6586.82006692886  0.9952393
6588.07175910472  1.001961
6589.32345128059  1.000526
6590.57514345645  0.9912969
6591.82683563232  0.9922383
6593.07852780818  0.9941733
6594.33021998405  0.9978408
6595.58191215992  0.9990782
6596.83360433578  0.9973434
6598.08529651164  0.9921671
6599.33698868751  0.9889587
6600.58868086338  0.994584
6601.84037303924  0.9958537
6603.09206521511  0.998974
6604.34375739097  1.002554
6605.59544956684  1.00512
6606.8471417427  1.005158
6608.09883391857  1.003527
6609.35052609443  1.008781
6610.6022182703  1.011546
6611.85391044616  1.002732
6613.10560262203  1.000354
6614.35729479789  1.001252
6615.60898697376  0.991272
6616.86067914962  0.9881891
6618.11237132549  0.9960027
6619.36406350135  0.992727
6620.61575567722  0.9914466
6621.86744785308  0.9946848
6623.11914002895  1.008799
6624.37083220481  1.012964
6625.62252438068  1.005547
6626.87421655654  1.01229
6628.12590873241  1.006162
6629.37760090827  0.9983737
6630.62929308414  0.9990948
6631.88098526  1.002436
6633.13267743587  1.000812
6634.38436961173  1.0059
6635.6360617876  1.006662
6636.88775396347  0.9977541
6638.13944613933  1.0027
6639.3911383152  1.009094
6640.64283049106  0.9941035
6641.89452266693  0.9921186
6643.14621484279  0.9998199
6644.39790701866  1.001864
6645.64959919452  1.006396
6646.90129137039  0.9948126
6648.15298354625  0.9953793
6649.40467572212  0.9969791
6650.65636789798  1.001131
6651.90806007385  1.005253
6653.15975224971  1.007642
6654.41144442558  0.9994922
6655.66313660144  1.0054
6656.91482877731  0.9988162
6658.16652095317  0.9930628
6659.41821312904  0.9978145
6660.6699053049  1.000477
6661.92159748077  0.998874
6663.17328965663  0.9943029
6664.4249818325  0.9956078
6665.67667400836  1.001298
6666.92836618423  1.006363
6668.1800583601  1.011748
6669.43175053596  1.011874
6670.68344271183  1.002547
6671.93513488769  1.001796
6673.18682706356  1.001905
6674.43851923942  1.008151
6675.69021141529  0.9996886
6676.94190359115  0.9979378
6678.19359576702  0.999167
6679.44528794288  0.991362
6680.69698011875  1.000849
6681.94867229461  1.00482
6683.20036447048  1.004224
6684.45205664634  1.00656
6685.70374882221  1.003332
6686.95544099807  1.000085
6688.20713317394  1.008613
6689.4588253498  1.008739
6690.71051752567  0.9986379
6691.96220970153  1.00346
6693.2139018774  1.012029
6694.46559405326  1.009735
6695.71728622913  1.008421
6696.96897840499  1.002789
6698.22067058086  0.9994104
6699.47236275672  1.000456
6700.72405493259  1.00518
6701.97574710845  1.008963
6703.22743928432  1.000133
6704.47913146018  0.9958116
6705.73082363605  0.9988551
6706.98251581192  1.006274
6708.23420798778  0.9980529
6709.48590016365  0.9918055
6710.73759233951  0.9995348
6711.98928451538  1.000871
6713.24097669124  1.001957
6714.49266886711  0.9973494
6715.74436104297  0.9938097
6716.99605321884  1.001357
6718.2477453947  1.010404
6719.49943757057  1.005108
6720.75112974643  1.00595
6722.0028219223  1.011831
6723.25451409816  1.005214
6724.50620627403  1.004546
6725.75789844989  0.998197
6727.00959062576  0.9972678
6728.26128280162  1.004416
6729.51297497749  1.001401
6730.76466715335  1.006015
6732.01635932922  1.006354
6733.26805150508  1.011464
6734.51974368095  1.000739
6735.77143585681  0.998484
6737.02312803268  1.006105
6738.27482020854  1.00473
6739.52651238441  1.005908
6740.77820456027  1.007667
6742.02989673614  0.995765
6743.28158891201  0.9959308
6744.53328108787  1.001215
6745.78497326373  0.9980852
6747.0366654396  0.9912947
6748.28835761547  0.9988911
6749.54004979133  1.007604
6750.79174196719  1.005938
6752.04343414306  0.9992397
6753.29512631893  0.9986269
6754.54681849479  0.9957098
6755.79851067066  0.9972184
6757.05020284652  1.006741
6758.30189502239  1.007258
6759.55358719825  0.9989583
6760.80527937412  0.9891158
6762.05697154998  0.9963377
6763.30866372585  1.005263
6764.56035590171  0.9989349
6765.81204807758  0.9954731
6767.06374025344  0.9941393
6768.31543242931  0.9982423
6769.56712460517  1.00015
6770.81881678104  0.9943767
6772.0705089569  0.9957413
6773.32220113277  0.9961225
6774.57389330863  0.9949307
6775.8255854845  0.99343
6777.07727766036  1.001879
6778.32896983623  0.9975567
6779.5806620121  0.9870903
6780.83235418796  0.994692
6782.08404636382  1.001316
6783.33573853969  0.9960811
6784.58743071555  0.9996833
6785.83912289142  1.004811
6787.09081506729  1.001678
6788.34250724315  1.005716
6789.59419941902  0.9928195
6790.84589159488  0.9935063
6792.09758377075  0.9924037
6793.34927594661  1.000238
6794.60096812248  1.004658
6795.85266029834  1.005276
6797.10435247421  0.9978642
6798.35604465007  0.9964828
6799.60773682594  1.000373
6800.8594290018  1.000153
6802.11112117767  0.9966412
6803.36281335353  1.002178
6804.6145055294  1.008019
6805.86619770526  1.002069
6807.11788988113  0.99747
6808.36958205699  0.9977813
6809.62127423286  0.997579
6810.87296640872  0.9950025
6812.12465858459  0.9911108
6813.37635076045  0.9944661
6814.62804293632  0.9909941
6815.87973511218  0.9854159
6817.13142728805  0.9864095
6818.38311946391  0.9945237
6819.63481163978  0.9892184
6820.88650381565  0.9881657
6822.13819599151  0.9796325
6823.38988816738  0.985586
6824.64158034324  0.9941853
6825.89327251911  0.9964361
6827.14496469497  1.000548
6828.39665687083  0.9944121
6829.6483490467  0.997452
6830.90004122257  0.9963194
6832.15173339843  0.989014
6833.4034255743  0.98943
6834.65511775016  0.99208
6835.90680992603  0.9935012
6837.15850210189  0.9955955
6838.41019427776  0.9905511
6839.66188645362  0.9966384
6840.91357862949  0.9994038
6842.16527080535  0.9919516
6843.41696298122  0.9872441
6844.66865515708  0.983444
6845.92034733295  0.9895514
6847.17203950881  0.9935383
6848.42373168468  0.9987125
6849.67542386054  1.001869
6850.92711603641  0.9952306
6852.17880821228  0.9931774
6853.43050038814  0.9858696
6854.68219256401  0.9888557
6855.93388473987  0.9938052
6857.18557691573  0.9947496
6858.4372690916  0.9935074
6859.68896126746  0.9922443
6860.94065344333  1.00131
6862.1923456192  0.9967306
6863.44403779506  0.9900253
6864.69572997093  0.9931905
6865.94742214679  1.000786
6867.19911432266  0.9867111
6868.45080649852  0.9616446
6869.70249867439  0.9766912
6870.95419085025  0.9861732
6872.20588302612  0.9938934
6873.45757520198  1.002058
6874.70926737785  0.9931737
6875.96095955371  0.9969028
6877.21265172958  0.9939845
6878.46434390544  0.9928766
6879.71603608131  1.008337
6880.96772825717  1.012832
6882.21942043304  1.001941
6883.4711126089  0.9958853
6884.72280478477  1.011052
6885.97449696063  1.010668
6887.2261891365  0.9956664
6888.47788131236  0.9806543
6889.72957348823  0.9759571
6890.98126566409  0.9867691
6892.23295783996  0.9793102
6893.48465001582  0.9881531
6894.73634219169  0.9965628
6895.98803436756  0.9911025
6897.23972654342  0.9815546
6898.49141871929  0.9822057
6899.74311089515  0.9887217
6900.99480307101  0.9803473
6902.24649524688  0.993426
6903.49818742275  0.9943451
6904.74987959861  0.984587
6906.00157177448  0.9905572
6907.25326395034  0.9806205
6908.50495612621  0.9893876
6909.75664830207  0.9883373
6911.00834047794  0.9932197
6912.2600326538  0.9985719
6913.51172482967  1.006413
6914.76341700553  0.9882862
6916.0151091814  0.9964706
6917.26680135726  0.9962606
6918.51849353313  1.004353
6919.77018570899  0.9974181
6921.02187788486  0.9923987
6922.27357006072  0.992009
6923.52526223659  1.011491
6924.77695441245  1.015949
6926.02864658832  1.006722
6927.28033876419  1.004331
6928.53203094005  1.010853
6929.78372311592  1.026027
6931.03541529178  1.034878
6932.28710746764  1.028044
6933.53879964351  1.018718
6934.79049181938  1.010703
6936.04218399524  1.008108
6937.29387617111  1.010895
6938.54556834697  1.022058
6939.79726052284  1.033771
6941.0489526987  1.04259
6942.30064487457  1.0419
6943.55233705043  1.038829
6944.8040292263  1.034564
6946.05572140216  1.019881
6947.30741357803  1.01089
6948.55910575389  1.022169
6949.81079792976  1.035634
6951.06249010562  1.035191
6952.31418228149  1.014793
6953.56587445735  1.005092
6954.81756663322  1.010208
6956.06925880908  1.026495
6957.32095098495  1.034734
6958.57264316081  1.030103
6959.82433533668  1.021995
6961.07602751255  1.027061
6962.32771968841  1.028642
6963.57941186427  1.018497
6964.83110404014  1.005327
6966.082796216  0.9996424
6967.33448839187  0.9930231
6968.58618056774  0.976345
6969.8378727436  0.9773087
6971.08956491947  0.9860119
6972.34125709533  0.9873564
6973.5929492712  0.9814386
6974.84464144706  0.9856597
6976.09633362293  0.9921963
6977.34802579879  0.9943613
6978.59971797466  0.9938599
6979.85141015052  0.9872596
6981.10310232639  0.9722584
6982.35479450225  0.9698042
6983.60648667812  0.973094
6984.85817885398  0.9735702
6986.10987102985  0.9871394
6987.36156320571  0.9999111
6988.61325538158  0.9967141
6989.86494755744  0.9986132
6991.11663973331  0.9985814
6992.36833190917  0.9995516
6993.62002408504  1.000414
6994.8717162609  1.003698
6996.12340843677  0.9865382
6997.37510061263  0.9802204
6998.6267927885  0.9962174
6999.87848496437  0.9964002
7001.13017714023  0.9799857
7002.38186931609  0.983549
7003.63356149196  0.9957957
7004.88525366783  1.009482
7006.13694584369  0.9998624
7007.38863801955  0.9933279
7008.64033019542  0.9788064
7009.89202237129  0.9770289
7011.14371454715  0.9906533
7012.39540672302  0.9874051
7013.64709889888  0.9925246
7014.89879107475  0.9883242
7016.15048325061  0.9942815
7017.40217542648  1.011113
7018.65386760234  1.01004
7019.90555977821  0.9895792
7021.15725195407  0.9728577
7022.40894412994  0.9821613
7023.6606363058  0.9940534
7024.91232848167  0.9877878
7026.16402065753  0.9867398
7027.4157128334  1.001649
7028.66740500926  1.008723
7029.91909718513  0.9956365
7031.17078936099  0.968532
7032.42248153686  0.9538347
7033.67417371272  0.9528965
7034.92586588859  0.9734271
7036.17755806446  0.9881064
7037.42925024032  0.9934774
7038.68094241618  0.9978485
7039.93263459205  0.994594
7041.18432676791  1.003517
7042.43601894378  0.994541
7043.68771111965  0.9738986
7044.93940329551  0.9746449
7046.19109547138  0.9749089
7047.44278764724  0.9751939
7048.69447982311  0.9717484
7049.94617199897  0.9697047
7051.19786417484  0.9903919
7052.4495563507  1.008393
7053.70124852657  1.002375
7054.95294070243  0.9831437
7056.2046328783  0.974238
7057.45632505416  0.9795454
7058.70801723003  0.9932028
7059.95970940589  0.9882304
7061.21140158176  0.9770761
7062.46309375762  0.9736802
7063.71478593349  0.9737737
7064.96647810935  0.9680195
7066.21817028522  0.9783641
7067.46986246108  0.9737129
7068.72155463695  0.9725634
7069.97324681281  0.9669825
7071.22493898868  0.9660345
7072.47663116454  0.9831458
7073.72832334041  0.9737856
7074.98001551628  0.9678454
7076.23170769214  0.9680704
7077.48339986801  0.9794757
7078.73509204387  0.9930512
7079.98678421974  0.9868928
7081.2384763956  0.9729357
7082.49016857147  0.969905
7083.74186074733  0.9791698
7084.9935529232  0.9726672
7086.24524509906  0.9658886
7087.49693727493  0.9735169
7088.74862945079  0.9828011
7090.00032162666  0.9755184
7091.25201380252  0.9746972
7092.50370597839  0.97335
7093.75539815425  0.9632249
7095.00709033012  0.9625266
7096.25878250598  0.9725006
7097.51047468185  0.9825057
7098.76216685771  0.9809756
7100.01385903358  0.9913267
7101.26555120944  0.9924613
7102.51724338531  0.9855085
7103.76893556117  0.9815465
7105.02062773704  0.9759022
7106.2723199129  0.9650158
7107.52401208877  0.9733566
7108.77570426463  0.9816504
7110.0273964405  0.9797304
7111.27908861636  0.9794055
7112.53078079223  0.9691928
7113.78247296809  0.9702082
7115.03416514396  0.9802907
7116.28585731982  0.9738836
7117.53754949569  0.9625295
7118.78924167156  0.9780168
7120.04093384742  0.9909948
7121.29262602329  0.9947726
7122.54431819915  0.989387
7123.79601037502  0.994768
7125.04770255088  0.9943058
7126.29939472675  0.9985197
7127.55108690261  0.9997143
7128.80277907848  0.9956201
7130.05447125434  0.9885587
7131.30616343021  0.9948098
7132.55785560607  0.9994653
7133.80954778194  0.9970042
7135.0612399578  0.9980292
7136.31293213367  0.9951357
7137.56462430953  0.9996237
7138.8163164854  1.001991
7140.06800866126  1.00596
7141.31970083713  0.9983169
7142.57139301299  0.9836094
7143.82308518886  0.9793037
7145.07477736472  0.996385
7146.32646954059  1.009274
7147.57816171645  1.009015
7148.82985389232  1.001907
7150.08154606818  0.9993274
7151.33323824405  0.9941366
7152.58493041991  1.000364
7153.83662259578  1.002705
7155.08831477165  1.004005
7156.34000694751  0.9980417
7157.59169912338  0.9964138
7158.84339129924  0.9922476
7160.0950834751  0.9924202
7161.34677565097  0.9915373
7162.59846782684  1.005757
7163.8501600027  1.00418
7165.10185217857  1.005918
7166.35354435443  1.011617
7167.6052365303  1.014425
7168.85692870616  1.015227
7170.10862088203  1.015646
7171.36031305789  1.021022
7172.61200523376  1.016959
7173.86369740962  1.014923
7175.11538958549  1.011496
7176.36708176135  1.010281
7177.61877393722  0.9990437
7178.87046611308  0.9931968
7180.12215828895  0.9956117
7181.37385046481  1.005612
7182.62554264068  0.9960291
7183.87723481654  1.000045
7185.12892699241  0.9925166
7186.38061916827  0.9709402
7187.63231134414  0.9678213
7188.88400352  0.9720305
7190.13569569587  0.9882464
7191.38738787173  1.006011
7192.6390800476  0.9900075
7193.89077222347  0.9871189
7195.14246439933  0.9986847
7196.3941565752  0.9995813
7197.64584875106  1.007995
7198.89754092693  1.020584
7200.14923310279  1.004783
7201.40092527866  0.9831513
7202.65261745452  0.981778
7203.90430963039  0.9927858
7205.15600180625  0.9924556
7206.40769398212  0.9880353
7207.65938615798  0.9815781
7208.91107833385  0.9900276
7210.16277050971  1.007518
7211.41446268558  1.012673
7212.66615486144  1.008069
7213.91784703731  1.006852
7215.16953921317  1.006032
7216.42123138904  1.002683
7217.6729235649  1.001711
7218.92461574077  1.003926
7220.17630791663  1.004751
7221.4280000925  1.010978
7222.67969226836  1.01522
7223.93138444423  1.00152
7225.18307662009  0.994861
7226.43476879596  0.9897721
7227.68646097183  0.9722815
7228.93815314769  0.9829711
7230.18984532356  0.9969265
7231.44153749942  1.009833
7232.69322967529  1.002629
7233.94492185115  0.9886988
7235.19661402702  0.9815298
7236.44830620288  0.9840384
7237.69999837875  0.9938378
7238.95169055461  1.016517
7240.20338273048  1.009395
7241.45507490634  0.9894714
7242.70676708221  0.9821849
7243.95845925807  0.9999622
7245.21015143394  1.001232
7246.4618436098  0.9957412
7247.71353578567  1.003332
7248.96522796153  1.0039
7250.2169201374  1.015391
7251.46861231326  1.025848
7252.72030448913  1.010016
7253.97199666499  0.9966324
7255.22368884086  0.9854693
7256.47538101672  1.00274
7257.72707319259  1.005005
7258.97876536845  1.004236
7260.23045754432  1.010539
7261.48214972018  1.020724
7262.73384189605  1.013594
7263.98553407192  1.005316
7265.23722624778  1.007131
7266.48891842365  0.9905818
7267.74061059951  0.9855454
7268.99230277538  0.995421
7270.24399495124  1.006062
7271.49568712711  1.003255
7272.74737930297  1.002875
7273.99907147884  1.001156
7275.2507636547  1.001462
7276.50245583057  1.008814
7277.75414800643  1.002431
7279.0058401823  0.9985498
7280.25753235816  1.007306
7281.50922453403  1.004851
7282.76091670989  1.002439
7284.01260888576  0.9987611
7285.26430106162  0.9986079
7286.51599323749  1.015924
7287.76768541335  1.007792
7289.01937758922  1.007452
7290.27106976508  1.002286
7291.52276194095  1.002335
7292.77445411681  1.011889
7294.02614629268  1.015044
7295.27783846855  1.017189
7296.52953064441  1.008427
7297.78122282027  1.004646
7299.03291499614  1.005368
7300.28460717201  1.016355
7301.53629934787  1.017401
7302.78799152374  1.01513
7304.0396836996  1.009754
7305.29137587547  0.9912297
7306.54306805133  0.9987773
7307.7947602272  1.005623
7309.04645240306  1.008757
7310.29814457893  1.002278
7311.54983675479  1.005996
7312.80152893066  1.010302
7314.05322110652  1.009548
7315.30491328239  1.007732
7316.55660545825  1.008052
7317.80829763412  1.00518
7319.05998980998  1.003888
7320.31168198585  0.9968017
7321.56337416171  0.9861033
7322.81506633758  0.9999969
7324.06675851344  1.007492
7325.31845068931  1.008753
7326.57014286517  1.001014
7327.82183504104  1.004317
7329.0735272169  1.005916
7330.32521939277  1.004095
7331.57691156863  1.000493
7332.8286037445  1.000191
7334.08029592036  1.005715
7335.33198809623  1.00256
7336.5836802721  1.00015
7337.83537244796  0.9996091
7339.08706462383  0.9977043
7340.33875679969  0.9948952
7341.59044897556  0.9933244
7342.84214115142  0.9936417
7344.09383332729  0.9989998
7345.34552550315  0.995945
7346.59721767902  0.9869239
7347.84890985488  0.9963545
7349.10060203075  1.003249
7350.35229420661  1.00006
7351.60398638248  0.9917073
7352.85567855834  0.9924083
7354.10737073421  1.003738
7355.35906291007  0.9981319
7356.61075508594  0.9960125
7357.8624472618  0.9922151
7359.11413943767  0.9991041
7360.36583161353  1.00275
7361.6175237894  1.002493
7362.86921596526  0.9977279
7364.12090814113  0.9926597
7365.37260031699  0.9928543
7366.62429249286  1.00264
7367.87598466872  1.002929
7369.12767684459  0.9963825
7370.37936902045  0.9992101
7371.63106119632  0.9998873
7372.88275337218  0.9987741
7374.13444554805  0.9939189
7375.38613772392  1.002666
7376.63782989978  0.9963631
7377.88952207565  0.9989144
7379.14121425151  0.9981483
7380.39290642738  0.9993399
7381.64459860324  0.9965066
7382.89629077911  0.9957473
7384.14798295497  0.9969851
7385.39967513084  0.9995709
7386.6513673067  1.001213
7387.90305948257  0.995873
7389.15475165843  0.9997169
7390.4064438343  0.9924122
7391.65813601016  0.9902314
7392.90982818603  0.999934
7394.16152036189  0.9975499
7395.41321253776  1.003165
7396.66490471362  1.004616
7397.91659688949  1.00055
7399.16828906535  1.003582
7400.41998124122  0.9929993
7401.67167341708  0.9870949
7402.92336559295  0.9914018
7404.17505776881  0.9940911
7405.42674994468  0.9974481
7406.67844212055  0.9956277
7407.93013429641  0.9925246
7409.18182647228  0.9993329
7410.43351864814  0.9958476
7411.68521082401  0.9853424
7412.93690299987  0.9850113
7414.18859517574  0.9867529
7415.4402873516  0.9941274
7416.69197952747  0.9826092
7417.94367170333  0.9813122
7419.1953638792  0.9909204
7420.44705605506  1.001986
7421.69874823093  0.9995491
7422.95044040679  0.9982768
7424.20213258266  0.9989169
7425.45382475852  0.9876353
7426.70551693439  0.9910067
7427.95720911025  1.000169
7429.20890128612  0.9990495
7430.46059346198  0.9992618
7431.71228563785  1.000441
7432.96397781371  0.9962472
7434.21566998958  0.9979308
7435.46736216544  1.000728
7436.71905434131  1.002594
7437.97074651717  0.9996771
7439.22243869304  0.9865697
7440.4741308689  0.9937993
7441.72582304477  0.9976788
7442.97751522064  0.993753
7444.2292073965  0.9908944
7445.48089957237  0.9911793
7446.73259174823  0.9955432
7447.9842839241  0.9853449
7449.23597609996  0.9872979
7450.48766827583  1.000983
7451.73936045169  0.9964315
7452.99105262756  0.9802782
7454.24274480342  0.9715745
7455.49443697929  0.9698292
7456.74612915515  0.9836181
7457.99782133102  0.9826441
7459.24951350688  0.9851064
7460.50120568275  0.9856018
7461.75289785861  0.9811053
7463.00459003448  0.9939892
7464.25628221034  1.001267
7465.50797438621  0.9932894
7466.75966656207  0.9913958
7468.01135873794  0.9974737
7469.2630509138  0.9944567
7470.51474308967  0.9880474
7471.76643526553  0.991383
7473.0181274414  0.9921133
7474.26981961726  0.9898579
7475.52151179313  0.9905668
7476.77320396899  0.9929834
7478.02489614486  0.9968757
7479.27658832073  1.001539
7480.52828049659  0.9948914
7481.77997267245  0.9983556
7483.03166484832  1.002932
7484.28335702419  0.9977996
7485.53504920005  0.9908512
7486.78674137592  0.9939496
7488.03843355178  0.9922369
7489.29012572765  0.9867744
7490.54181790351  0.9941154
7491.79351007938  0.9923511
7493.04520225524  0.9921716
7494.29689443111  1.007705
7495.54858660697  1.025269
7496.80027878284  1.01937
7498.0519709587  1.009678
7499.30366313457  1.007719
7500.55535531043  1.003951
7501.8070474863  0.9937661
7503.05873966216  0.9846888
7504.31043183803  0.9843559
7505.56212401389  0.9862313
7506.81381618976  0.993122
7508.06550836562  1.000287
7509.31720054149  1.003996
7510.56889271735  1.000425
7511.82058489322  1.008857
7513.07227706908  1.008157
7514.32396924495  1.01572
7515.57566142082  1.020736
7516.82735359668  1.005058
7518.07904577255  0.993868
7519.33073794841  0.9927742
7520.58243012428  0.9916507
7521.83412230014  1.00028
7523.08581447601  1.016307
7524.33750665187  1.009676
7525.58919882774  1.004138
7526.8408910036  1.014327
7528.09258317947  1.01543
7529.34427535533  1.011253
7530.5959675312  1.017902
7531.84765970706  1.016312
7533.09935188293  1.013712
7534.35104405879  1.017156
7535.60273623466  1.017382
7536.85442841052  1.007566
7538.10612058639  1.005112
7539.35781276225  1.004179
7540.60950493812  1.006209
7541.86119711398  1.009399
7543.11288928985  1.007938
7544.36458146571  1.01492
7545.61627364158  1.016413
7546.86796581744  1.01427
7548.11965799331  1.0127
7549.37135016917  1.007831
7550.62304234504  1.001107
7551.87473452091  1.01029
7553.12642669677  1.010364
7554.37811887263  0.9971061
7555.6298110485  0.9971034
7556.88150322437  1.002362
7558.13319540023  0.9991766
7559.3848875761  1.002166
7560.63657975196  1.015294
7561.88827192783  1.01291
7563.13996410369  1.010705
7564.39165627956  1.002642
7565.64334845542  1.000146
7566.89504063129  1.004111
7568.14673280715  1.001507
7569.39842498302  1.001586
7570.65011715888  1.008669
7571.90180933475  1.004681
7573.15350151061  1.003836
7574.40519368648  0.9995775
7575.65688586234  0.9984965
7576.90857803821  0.997329
7578.16027021407  1.002174
7579.41196238994  1.006202
7580.6636545658  0.9956044
7581.91534674167  0.9977085
7583.16703891753  1.006454
7584.4187310934  1.007472
7585.67042326926  1.007936
7586.92211544513  1.021166
7588.173807621  1.047001
7589.42549979686  1.039599
7590.67719197273  1.045532
7591.92888414859  1.045307
7593.18057632446  1.006237
7594.43226850032  0.9923418
7595.68396067619  0.9515575
7596.93565285205  0.9638665
7598.18734502792  0.9648305
7599.43903720378  0.9623108
7600.69072937965  0.9860423
7601.94242155551  1.003343
7603.19411373138  0.996098
7604.44580590724  0.9950774
7605.69749808311  0.9990436
7606.94919025897  1.011538
7608.20088243484  0.9955021
7609.4525746107  0.9589361
7610.70426678657  0.9663254
7611.95595896243  0.9702854
7613.2076511383  0.9902725
7614.45934331416  0.9759566
7615.71103549003  0.970802
7616.96272766589  1.017771
7618.21441984176  1.028877
7619.46611201762  1.033114
7620.71780419349  1.026626
7621.96949636935  1.026975
7623.22118854522  1.005057
7624.47288072109  0.9872198
7625.72457289695  0.9891664
7626.97626507282  0.9903787
7628.22795724868  1.008537
7629.47964942454  1.000168
7630.73134160041  0.9781447
7631.98303377628  0.9845402
7633.23472595214  0.9952793
7634.48641812801  0.9712249
7635.73811030387  0.9616933
7636.98980247974  1.015979
7638.2414946556  1.016462
7639.49318683147  0.9808209
7640.74487900733  0.9775398
7641.9965711832  1.004998
7643.24826335906  0.9954196
7644.49995553493  0.9706558
7645.75164771079  0.9893976
7647.00333988666  1.010595
7648.25503206252  0.987151
7649.50672423839  0.9714178
7650.75841641425  0.9801043
7652.01010859012  1.009812
7653.26180076598  0.9885721
7654.51349294185  0.9656087
7655.76518511771  0.9705815
7657.01687729358  0.9948488
7658.26856946944  1.009038
7659.52026164531  0.9927802
7660.77195382117  0.9932097
7662.02364599704  1.015059
7663.27533817291  1.041595
7664.52703034877  1.046598
7665.77872252464  1.04855
7667.0304147005  1.061087
7668.28210687637  1.05961
7669.53379905223  1.077072
7670.7854912281  1.03862
7672.03718340396  1.021561
7673.28887557983  1.008566
7674.54056775569  1.005975
7675.79225993156  1.009146
7677.04395210742  1.004539
7678.29564428329  1.009845
7679.54733645915  1.006892
7680.79902863502  1.020048
7682.05072081088  1.007754
7683.30241298675  0.9914591
7684.55410516261  0.9984391
7685.80579733848  0.9842339
7687.05748951434  0.9966311
7688.30918169021  1.004315
7689.56087386607  0.9861748
7690.81256604194  0.9949821
7692.0642582178  0.9906948
7693.31595039367  0.9903738
7694.56764256953  0.9954023
7695.8193347454  1.007039
7697.07102692127  1.007725
7698.32271909713  0.9909243
7699.574411273  1.010351
7700.82610344886  1.025287
7702.07779562473  1.018169
7703.32948780059  1.029062
7704.58117997646  1.019022
7705.83287215232  1.001126
7707.08456432819  1.00747
7708.33625650405  1.008869
7709.58794867992  1.006993
7710.83964085578  1.009214
7712.09133303165  1.01775
7713.34302520751  1.029622
7714.59471738338  1.032341
7715.84640955924  1.025144
7717.09810173511  1.021033
7718.34979391097  1.02999
7719.60148608684  1.029163
7720.8531782627  1.010002
7722.10487043857  1.002619
7723.35656261443  1.011493
7724.6082547903  1.004918
7725.85994696616  1.003855
7727.11163914203  1.004796
7728.36333131789  1.004223
7729.61502349376  1.00454
7730.86671566962  1.01091
7732.11840784549  1.006254
7733.37010002136  1.007172
7734.62179219722  1.001029
7735.87348437309  1.003035
7737.12517654895  0.9990247
7738.37686872482  0.9972188
7739.62856090068  0.9930261
7740.88025307655  0.9861836
7742.13194525241  0.9906167
7743.38363742828  0.9908422
7744.63532960414  1.009985
7745.88702178001  1.009941
7747.13871395587  1.003167
7748.39040613174  1.003562
7749.6420983076  1.002885
7750.89379048347  1.010482
7752.14548265933  1.031251
7753.3971748352  1.028455
7754.64886701106  1.009988
7755.90055918693  0.999608
7757.15225136279  0.9914632
7758.40394353866  0.9868897
7759.65563571452  0.9880044
7760.90732789039  0.9965833
7762.15902006625  0.9953661
7763.41071224212  0.9926897
7764.66240441799  0.9951959
7765.91409659385  0.9825331
7767.16578876971  0.9774693
7768.41748094558  0.9796075
7769.66917312145  0.9931952
7770.92086529731  0.996483
7772.17255747317  1.015508
7773.42424964904  1.028407
7774.67594182491  1.027009
7775.92763400077  1.032757
7777.17932617663  1.035702
7778.4310183525  1.021872
7779.68271052837  1.014785
7780.93440270423  1.003485
7782.1860948801  1.001107
7783.43778705596  1.005861
7784.68947923183  1.006538
7785.94117140769  1.002486
7787.19286358356  0.9883202
7788.44455575942  0.9839891
7789.69624793529  0.9887665
7790.94794011115  0.9890927
7792.19963228702  0.9952534
7793.45132446288  1.002228
7794.70301663875  1.001859
7795.95470881461  0.9975721
7797.20640099048  0.9999835
7798.45809316634  1.001336
7799.70978534221  0.9966557
7800.96147751807  1.006358
7802.21316969394  1.012863
7803.4648618698  0.9978078
7804.71655404567  0.9969062
7805.96824622153  1.003057
7807.2199383974  0.9968547
7808.47163057326  0.9957367
7809.72332274913  0.9909042
7810.975014925  0.9907372
7812.22670710086  1.000144
7813.47839927672  0.9984366
7814.73009145259  0.9969296
7815.98178362845  1.001518
7817.23347580432  0.9956185
7818.48516798019  0.9945783
7819.73686015605  0.9967036
7820.98855233192  0.9993029
7822.24024450778  1.005242
7823.49193668365  1.006751
7824.74362885951  1.000728
7825.99532103538  0.989135
7827.24701321124  0.9909651
7828.49870538711  0.9944262
7829.75039756297  0.9934441
7831.00208973884  0.9902327
7832.2537819147  0.9987612
7833.50547409057  0.9952021
7834.75716626643  0.9918395
7836.0088584423  0.9900763
7837.26055061816  1.000283
7838.51224279403  1.007546
7839.76393496989  0.996929
7841.01562714576  0.9878438
7842.26731932162  0.9955221
7843.51901149749  0.9922415
7844.77070367335  0.9952452
7846.02239584922  1.004415
7847.27408802508  1.002912
7848.52578020095  0.9998837
7849.77747237681  0.9948249
7851.02916455268  0.9965144
7852.28085672855  0.9954237
7853.53254890441  0.9963483
7854.78424108028  0.9962854
7856.03593325614  0.9995262
7857.28762543201  0.9974574
7858.53931760787  0.9951631
7859.79100978374  1.00542
7861.0427019596  1.010228
7862.29439413547  1.00695
7863.54608631133  1.008929
7864.7977784872  1.008397
7866.04947066306  1.010481
7867.30116283893  1.016777
7868.55285501479  1.005226
7869.80454719066  1.003403
7871.05623936652  1.005267
7872.30793154239  1.005876
7873.55962371825  1.005198
7874.81131589412  0.9989882
7876.06300806998  1.008767
7877.31470024585  1.003151
7878.56639242171  0.9848889
7879.81808459758  0.9867644
7881.06977677344  1.001275
7882.32146894931  1.004874
7883.57316112518  0.9968838
7884.82485330104  1.002894
7886.07654547691  1.004131
7887.32823765277  1.000519
7888.57992982863  0.9969122
7889.8316220045  1.001488
7891.08331418037  1.015379
7892.33500635623  1.01497
7893.5866985321  0.9983501
7894.83839070796  0.9980872
7896.09008288383  1.003758
7897.34177505969  0.9979188
7898.59346723556  0.9997833
7899.84515941142  1.002088
7901.09685158729  1.003842
7902.34854376315  1.01004
7903.60023593902  1.007365
7904.85192811488  1.007879
7906.10362029075  1.008047
7907.35531246661  0.9985493
7908.60700464248  0.9996354
7909.85869681834  1.018916
7911.11038899421  1.01227
7912.36208117007  0.9902728
7913.61377334594  0.9898326
7914.8654655218  1.000259
7916.11715769767  1.004283
7917.36884987354  1.003583
7918.6205420494  1.010035
7919.87223422526  1.001667
7921.12392640113  1.000938
7922.375618577  1.004726
7923.62731075286  1.006466
7924.87900292872  1.004273
7926.13069510459  0.9924527
7927.38238728046  0.9915662
7928.63407945632  1.00307
7929.88577163219  1.002033
7931.13746380805  0.9956466
7932.38915598392  1.00599
7933.64084815978  1.004096
7934.89254033565  0.9984395
7936.14423251151  1.000866
7937.39592468738  0.9914801
7938.64761686324  0.9840984
7939.89930903911  0.9944792
7941.15100121497  1.003812
7942.40269339084  1.001061
7943.6543855667  0.990054
7944.90607774257  0.9991769
7946.15776991843  1.013157
7947.4094620943  1.001348
7948.66115427017  0.9908537
7949.91284644603  0.9913527
7951.16453862189  0.9973431
7952.41623079776  0.9975922
7953.66792297362  0.9866335
7954.91961514949  0.9918281
7956.17130732535  0.9894176
7957.42299950122  0.9931812
7958.67469167709  0.9927522
7959.92638385295  0.9980325
7961.17807602882  1.003323
7962.42976820468  1.00713
7963.68146038055  0.9972188
7964.93315255641  0.9921104
7966.18484473228  0.9938097
7967.43653690814  0.99533
7968.68822908401  1.001364
7969.93992125987  1.001404
7971.19161343574  0.9987419
7972.4433056116  1.003625
7973.69499778747  0.9984198
7974.94668996333  1.002266
7976.1983821392  1.001872
7977.45007431506  1.008782
7978.70176649093  1.00805
7979.95345866679  0.9948286
7981.20515084266  0.9936772
7982.45684301852  0.9943856
7983.70853519439  0.9939231
7984.96022737025  1.004835
7986.21191954612  1.001312
7987.46361172198  1.001933
7988.71530389785  0.9950725
7989.96699607371  0.9997245
7991.21868824958  1.001933
7992.47038042545  0.9969096
7993.72207260131  0.9884596
7994.97376477717  0.9907713
7996.22545695304  0.999568
7997.4771491289  0.999873
7998.72884130477  1.003608
7999.98053348064  0.996327
8001.2322256565  0.9850729
8002.48391783237  0.9925206
8003.73561000823  0.989983
8004.9873021841  0.9925076
8006.23899435996  1.001557
8007.49068653583  1.008163
8008.74237871169  1.009525
8009.99407088756  1.010172
8011.24576306342  1.011246
8012.49745523929  1.00412
8013.74914741515  1.004243
8015.00083959102  0.9991811
8016.25253176688  0.996583
8017.50422394275  1.010788
8018.75591611861  1.011582
8020.00760829448  1.001588
8021.25930047035  1.008736
8022.51099264621  1.013633
8023.76268482207  1.004074
8025.01437699794  1.003644
8026.2660691738  1.00176
8027.51776134967  0.9936205
8028.76945352553  0.9869406
8030.0211457014  0.9869816
8031.27283787726  0.9872032
8032.52453005313  0.9896718
8033.776222229  0.9860467
8035.02791440486  0.9935078
8036.27960658073  0.9931579
8037.53129875659  0.9943714
8038.78299093246  0.9953921
8040.03468310832  0.9935648
8041.28637528419  0.9908195
8042.53806746005  0.995675
8043.78975963592  1.004561
8045.04145181178  1.001782
8046.29314398765  0.9902761
8047.54483616351  0.9900907
8048.79652833938  0.9972073
8050.04822051524  1.010099
8051.29991269111  1.006504
8052.55160486697  1.000626
8053.80329704284  1.003778
8055.0549892187  1.003638
8056.30668139457  0.995634
8057.55837357043  0.998997
8058.8100657463  1.010869
8060.06175792216  1.016088
8061.31345009803  1.014116
8062.56514227389  1.002963
8063.81683444976  0.9980658
8065.06852662563  1.0082
8066.32021880149  1.005638
8067.57191097736  1.002876
8068.82360315322  0.9987844
8070.07529532908  0.9902182
8071.32698750495  0.9959194
8072.57867968082  0.9983495
8073.83037185668  0.9912776
8075.08206403255  0.9913192
8076.33375620841  0.9922283
8077.58544838428  0.992263
8078.83714056014  0.9856759
8080.08883273601  0.9837917
8081.34052491187  0.9993535
8082.59221708774  1.006183
8083.8439092636  0.9940388
8085.09560143947  0.9931985
8086.34729361533  1.004417
8087.5989857912  1.005566
8088.85067796706  1.008712
8090.10237014293  0.9997262
8091.35406231879  0.9872335
8092.60575449466  0.9989333
8093.85744667052  1.001921
8095.10913884639  1.005712
8096.36083102226  1.018523
8097.61252319812  1.018517
8098.86421537398  1.010565
8100.11590754985  1.001949
8101.36759972571  0.9985251
8102.61929190158  1.003533
8103.87098407744  1.009579
8105.12267625331  1.006359
8106.37436842918  1.000016
8107.62606060504  0.9985728
8108.87775278091  1.009094
8110.12944495677  1.00973
8111.38113713264  1.007951
8112.6328293085  1.004592
8113.88452148437  1.014804
8115.13621366023  1.021826
8116.3879058361  1.003188
8117.63959801196  0.9921736
8118.89129018783  1.006548
8120.14298236369  1.008624
8121.39467453956  1.003718
8122.64636671542  0.9919865
8123.89805889129  0.9913362
8125.14975106715  1.00627
8126.40144324302  1.011474
8127.65313541888  0.9983736
8128.90482759475  0.9990649
8130.15651977061  1.000737
8131.40821194648  0.9925176
8132.65990412234  1.00329
8133.91159629821  1.008609
8135.16328847407  0.99531
8136.41498064994  1.010701
8137.6666728258  1.017657
8138.91836500167  1.012918
8140.17005717753  1.013916
8141.4217493534  1.009209
8142.67344152927  0.9985702
8143.92513370513  0.997283
8145.176825881  1.015545
8146.42851805686  1.017781
8147.68021023273  1.006299
8148.93190240859  0.9971167
8150.18359458446  0.9971446
8151.43528676032  1.015331
8152.68697893618  1.006976
8153.93867111205  0.9963427
8155.19036328792  0.9844628
8156.44205546378  0.99675
8157.69374763965  1.003288
8158.94543981551  0.9991716
8160.19713199138  0.9933337
8161.44882416724  0.972353
8162.70051634311  0.9583529
8163.95220851897  0.9621326
8165.20390069484  0.9685196
8166.4555928707  0.9838842
8167.70728504657  1.009187
8168.95897722243  1.006387
8170.2106693983  0.9730217
8171.46236157416  0.9812076
8172.71405375003  0.9909073
8173.96574592589  1.009163
8175.21743810176  1.017511
8176.46913027762  0.9755882
8177.72082245349  0.9328166
8178.97251462936  0.9480571
8180.22420680522  0.982709
8181.47589898108  1.000694
8182.72759115695  1.013383
8183.97928333281  1.017263
8185.23097550868  1.00976
8186.48266768455  1.000189
8187.73435986041  0.9834804
8188.98605203628  0.9594963
8190.23774421214  0.9714567
8191.48943638801  0.9943441
8192.74112856387  0.9758452
8193.99282073974  0.9744744
8195.2445129156  0.9973088
8196.49620509147  0.9969672
8197.74789726733  0.9765286
8198.9995894432  0.9789081
8200.25128161906  1.000671
8201.50297379493  1.00921
8202.75466597079  1.008047
8204.00635814666  0.9976507
8205.25805032252  0.9923923
8206.50974249839  0.9842335
8207.76143467425  0.9872852
8209.01312685012  0.9971987
8210.26481902598  0.9927146
8211.51651120185  0.9854365
8212.76820337772  0.984788
8214.01989555358  0.9835476
8215.27158772945  0.9904891
8216.52327990531  1.003656
8217.77497208118  0.9999552
8219.02666425704  0.9918048
8220.27835643291  1.000239
8221.53004860877  1.00673
8222.78174078464  1.006429
8224.0334329605  1.003425
8225.28512513637  1.003241
8226.53681731223  0.9928234
8227.7885094881  0.9364356
8229.04020166396  0.924062
8230.29189383983  0.9491993
8231.54358601569  0.9548271
8232.79527819156  0.9786827
8234.04697036742  0.997072
8235.29866254329  1.005338
8236.55035471915  1.006961
8237.80204689502  1.010754
8239.05373907088  1.010352
8240.30543124675  1.001927
8241.55712342261  0.9931296
8242.80881559848  0.9708291
8244.06050777435  0.9763322
8245.31219995021  1.000841
8246.56389212607  1.013591
8247.81558430194  1.005118
8249.06727647781  0.9913146
8250.31896865367  1.008623
8251.57066082954  1.023144
8252.8223530054  1.016785
8254.07404518127  0.9980481
8255.32573735713  0.9792659
8256.577429533  0.9729099
8257.82912170886  0.9949805
8259.08081388473  1.003928
8260.33250606059  0.9951482
8261.58419823646  0.9878236
8262.83589041232  0.9929706
8264.08758258819  1.01317
8265.33927476405  1.025114
8266.59096693992  1.027252
8267.84265911578  1.016463
8269.09435129165  1.006374
8270.34604346751  1.008747
8271.59773564338  1.015107
8272.84942781924  1.015757
8274.10111999511  0.996188
8275.35281217097  0.9885752
8276.60450434684  1.017168
8277.8561965227  1.0251
8279.10788869857  0.9999136
8280.35958087444  1.002337
8281.6112730503  0.9948588
8282.86296522616  0.9883327
8284.11465740203  0.988713
8285.36634957789  1.007335
8286.61804175376  0.9943151
8287.86973392962  0.9722757
8289.12142610549  0.9728546
8290.37311828135  0.9946242
8291.62481045722  1.002897
8292.87650263308  0.9914911
8294.12819480895  0.9909056
8295.37988698482  0.9828207
8296.63157916068  1.001711
8297.88327133655  1.003117
8299.13496351241  0.995981
8300.38665568827  0.9884141
8301.63834786414  1.002403
8302.89004004001  1.005817
8304.14173221587  0.9965485
8305.39342439174  0.9784662
8306.6451165676  0.9876832
8307.89680874347  0.9938658
8309.14850091933  1.00353
8310.4001930952  1.005575
8311.65188527106  1.004875
8312.90357744693  1.017685
8314.15526962279  1.013311
8315.40696179866  1.022543
8316.65865397452  1.007653
8317.91034615039  1.007208
8319.16203832625  0.9922147
8320.41373050212  0.9803395
8321.66542267798  0.9608976
8322.91711485385  0.9867296
8324.16880702971  0.9978197
8325.42049920558  1.009406
8326.67219138145  1.014315
8327.92388355731  1.018149
8329.17557573317  1.003747
8330.42726790904  0.9997937
8331.6789600849  1.002454
8332.93065226077  1.00097
8334.18234443663  1.001644
8335.4340366125  0.9982576
8336.68572878836  0.999685
8337.93742096423  1.001761
8339.1891131401  1.000829
8340.44080531596  0.9983179
8341.69249749183  0.9972739
8342.94418966769  0.9969688
8344.19588184356  0.9920059
8345.44757401942  0.9929132
8346.69926619529  1.009086
8347.95095837115  0.9963413
8349.20265054702  0.972352
8350.45434272288  1.001125
8351.70603489875  1.020862
8352.95772707461  1.001177
8354.20941925048  1.002887
8355.46111142634  1.000646
8356.71280360221  0.9821027
8357.96449577807  0.9851872
8359.21618795394  1.003798
8360.4678801298  1.011786
8361.71957230567  1.004866
8362.97126448153  1.006932
8364.2229566574  1.007487
8365.47464883326  1.014157
8366.72634100913  1.008125
8367.97803318499  0.9964988
8369.22972536086  1.003
8370.48141753673  1.01133
8371.73310971259  1.008335
8372.98480188846  1.018999
8374.23649406432  1.01912
8375.48818624019  1.015119
8376.73987841605  1.017351
8377.99157059192  1.010455
8379.24326276778  0.9967806
8380.49495494365  0.9862052
8381.74664711951  0.9848821
8382.99833929538  0.9964496
8384.25003147124  1.001682
8385.50172364711  1.000001
8386.75341582297  1.003643
8388.00510799884  1.00816
8389.2568001747  0.9964033
8390.50849235057  0.9832017
8391.76018452643  0.9848974
8393.0118767023  0.9866298
8394.26356887816  1.005691
8395.51526105403  0.9942669
8396.76695322989  0.9993899
8398.01864540576  0.9993264
8399.27033758162  0.9812393
8400.52202975749  0.978887
8401.77372193335  0.9971616
8403.02541410922  1.002887
8404.27710628508  1.000646
8405.52879846095  1.006737
8406.78049063681  0.9961855
8408.03218281268  0.9934385
8409.28387498855  0.9845836
8410.53556716441  1.002075
8411.78725934028  1.005725
8413.03895151614  1.005598
8414.29064369201  1.017926
8415.54233586787  1.011798
8416.79402804374  1.005414
8418.0457202196  1.010249
8419.29741239547  1.001384
8420.54910457133  1.002813
8421.8007967472  1.017118
8423.05248892306  1.010286
8424.30418109893  1.00534
8425.55587327479  1.015499
8426.80756545066  1.01906
8428.05925762652  1.004281
8429.31094980239  0.9909224
8430.56264197825  0.9863321
8431.81433415412  0.9850335
8433.06602632998  0.9968845
8434.31771850585  0.9987203
8435.56941068171  0.9795633
8436.82110285758  0.9857513
8438.07279503344  0.9983577
8439.32448720931  0.9820581
8440.57617938517  0.9766861
8441.82787156104  0.9868754
8443.07956373691  0.9958897
8444.33125591277  0.9947426
8445.58294808864  0.9995126
8446.8346402645  1.003779
8448.08633244037  0.9919896
8449.33802461623  0.9908874
8450.5897167921  1.001943
8451.84140896796  1.006206
8453.09310114383  1.008175
8454.34479331969  1.014102
8455.59648549556  1.016822
8456.84817767142  1.023973
8458.09986984729  1.023873
8459.35156202315  1.017276
8460.60325419902  1.006234
8461.85494637488  0.9864966
8463.10663855075  0.9891755
8464.35833072661  1.006222
8465.61002290248  1.012285
8466.86171507834  0.9960911
8468.11340725421  0.9916255
8469.36509943007  1.006895
8470.61679160594  1.006465
8471.8684837818  0.997835
8473.12017595767  0.9909335
8474.37186813354  0.993456
8475.6235603094  1.000852
8476.87525248526  1.008434
8478.12694466113  1.002801
8479.37863683699  1.007834
8480.63032901286  1.006971
8481.88202118873  1.004993
8483.13371336459  0.9937469
8484.38540554045  1.0012
8485.63709771632  1.007437
8486.88878989219  1.002233
8488.14048206805  1.000705
8489.39217424392  0.9727525
8490.64386641978  0.9151918
8491.89555859565  0.8755893
8493.14725077151  0.9352968
8494.39894294738  0.9912373
8495.65063512324  0.9975798
8496.90232729911  0.9845355
8498.15401947497  0.9957435
8499.40571165084  1.004404
8500.6574038267  0.9999743
8501.90909600257  0.9945197
8503.16078817843  0.9973683
8504.4124803543  0.9989014
8505.66417253016  0.9946549
8506.91586470603  1.000257
8508.16755688189  1.002926
8509.41924905776  0.9985526
8510.67094123362  0.999469
8511.92263340949  0.9983453
8513.17432558535  0.9907318
8514.42601776122  0.9931293
8515.67770993708  1.004744
8516.92940211295  1.003796
8518.18109428882  0.9975185
8519.43278646468  0.9978202
8520.68447864055  0.9892811
8521.93617081641  1.004954
8523.18786299228  0.9937463
8524.43955516814  0.9840853
8525.69124734401  0.986312
8526.94293951987  0.9968779
8528.19463169574  1.001511
8529.4463238716  0.9879106
8530.69801604747  0.9654261
8531.94970822333  0.9730951
8533.2014003992  0.951911
8534.45309257506  0.8522103
8535.70478475093  0.7366114
8536.95647692679  0.8048304
8538.20816910266  0.903794
8539.45986127852  0.9669053
8540.71155345439  0.9891077
8541.96324563025  0.9891093
8543.21493780612  0.9999824
8544.46662998198  1.001993
8545.71832215785  0.9939229
8546.97001433371  0.9965692
8548.22170650958  1.004397
8549.47339868544  0.999742
8550.72509086131  0.9834713
8551.97678303717  0.9880775
8553.22847521304  0.9990411
8554.48016738891  1.00196
8555.73185956477  1.002401
8556.98355174064  1.001084
8558.2352439165  0.9987037
8559.48693609237  0.9972244
8560.73862826823  1.006218
8561.9903204441  1.000323
8563.24201261996  0.996805
8564.49370479583  1.002133
8565.74539697169  1.002585
8566.99708914756  1.004336
8568.24878132342  1.00908
8569.50047349929  1.013042
8570.75216567515  0.9976673
8572.00385785102  0.9989577
8573.25555002688  1.005473
8574.50724220275  1.000906
8575.75893437861  1.012828
8577.01062655448  1.013167
8578.26231873034  1.009747
8579.51401090621  1.009501
8580.76570308207  1.012785
8582.01739525794  1.015188
8583.2690874338  1.009729
8584.52077960967  1.003731
8585.77247178554  0.9955976
8587.0241639614  0.9923244
8588.27585613726  0.9986069
8589.52754831313  0.9988508
8590.779240489  0.9863942
8592.03093266486  0.9762352
8593.28262484073  0.9751927
8594.53431701659  0.9871365
8595.78600919246  0.9946571
8597.03770136832  0.9864955
8598.28939354419  0.9844682
8599.54108572005  0.9896134
8600.79277789592  0.9889824
8602.04447007178  0.9796776
8603.29616224765  0.9840206
8604.54785442351  1.00862
8605.79954659938  1.009824
8607.05123877524  1.006119
8608.30293095111  0.9979531
8609.55462312697  1.009776
8610.80631530284  1.023623
8612.0580074787  1.020175
8613.30969965457  1.016466
8614.56139183043  1.017265
8615.8130840063  1.012888
8617.06477618217  1.021435
8618.31646835803  1.023144
8619.56816053389  1.016607
8620.81985270976  1.007836
8622.07154488562  1.002523
8623.32323706149  1.003318
8624.57492923735  1.00163
8625.82662141322  1.002535
8627.07831358909  0.9942537
8628.33000576495  1.009835
8629.58169794082  1.005712
8630.83339011668  1.006748
8632.08508229254  0.9909555
8633.33677446841  0.9962476
8634.58846664428  1.008279
8635.84015882014  1.007336
8637.09185099601  0.9937894
8638.34354317187  0.9835377
8639.59523534774  0.9882066
8640.8469275236  0.9940289
8642.09861969947  0.9968335
8643.35031187533  1.003175
8644.6020040512  1.003742
8645.85369622706  1.008482
8647.10538840293  1.012852
8648.3570805788  0.9925543
8649.60877275466  0.9797037
8650.86046493052  0.9940899
8652.11215710639  0.9933303
8653.36384928225  0.9491236
8654.61554145812  0.8511875
8655.86723363398  0.7945079
8657.11892580985  0.880011
8658.37061798571  0.944962
8659.62231016158  0.9639106
8660.87400233745  0.9895737
8662.12569451331  1.001873
8663.37738668917  0.9912131
8664.62907886504  0.9928275
8665.88077104091  0.9971533
8667.13246321677  0.9807867
8668.38415539264  0.9740729
8669.6358475685  0.9861737
8670.88753974437  0.9943235
8672.13923192023  1.010537
8673.3909240961  1.00808
8674.64261627196  1.00047
8675.89430844783  1.009501
8677.14600062369  1.004535
8678.39769279956  0.997804
8679.64938497542  0.9948008
8680.90107715129  0.9782874
8682.15276932715  0.9785421
8683.40446150302  0.998356
8684.65615367888  1.018145
8685.90784585475  1.024011
8687.15953803061  1.015543
8688.41123020648  1.008842
8689.66292238234  1.014351
8690.91461455821  1.010079
8692.16630673408  1.017326
8693.41799890994  1.020614
8694.6696910858  1.01274
8695.92138326167  1.019424
8697.17307543753  1.018603
8698.4247676134  1.009106
8699.67645978927  1.02032
8700.92815196513  1.014148
8702.179844141  1.008098
8703.43153631686  1.011033
8704.68322849273  1.009526
8705.93492066859  1.015538
8707.18661284446  0.997928
8708.43830502032  0.9896472
8709.68999719619  0.9986975
8710.94168937205  1.003333
8712.19338154792  1.00047
8713.44507372378  0.992489
8714.69676589965  0.9937892
8715.94845807551  0.9985722
8717.20015025138  0.9959864
8718.45184242724  0.9964771
8719.70353460311  0.9954482
8720.95522677897  0.9928898
8722.20691895484  1.005471
8723.4586111307  1.012999
8724.71030330657  1.004718
8725.96199548243  0.9975911
8727.2136876583  1.003087
8728.46537983416  1.002528
8729.71707201003  1.003025
8730.96876418589  1.006338
8732.22045636176  1.008382
8733.47214853763  1.009774
8734.72384071349  0.9996901
8735.97553288936  0.9880409
8737.22722506522  0.9908753
8738.47891724109  1.005432
8739.73060941695  1.001265
8740.98230159282  0.9786606
8742.23399376868  0.9640373
8743.48568594455  0.9574085
8744.73737812041  0.9552151
8745.98907029628  0.9762112
8747.24076247214  0.9827079
8748.49245464801  0.9705381
8749.74414682387  0.9700696
8750.99583899974  0.9703524
8752.2475311756  0.9800969
8753.49922335147  0.9939774
8754.75091552733  0.9833484
8756.0026077032  0.9640281
8757.25429987906  0.9670957
8758.50599205493  0.9783999
8759.75768423079  0.9892309
8761.00937640666  0.9922914
8762.26106858252  0.9922037
8763.51276075839  0.997027
8764.76445293426  0.9913548
8766.01614511012  0.9938513
8767.26783728599  1.01206
8768.51952946185  1.014971
8769.77122163771  0.997952
8771.02291381358  0.9982646
8772.27460598945  1.011683
8773.52629816531  1.015071
8774.77799034118  1.016478
8776.02968251704  1.024309
8777.28137469291  1.026212
8778.53306686877  1.009397
8779.78475904464  0.9977387
8781.0364512205  1.013919
8782.28814339637  1.036927
8783.53983557223  1.030486
8784.7915277481  1.003107
8786.04321992396  0.994239
8787.29491209983  0.9976971
8788.54660427569  0.9942753
8789.79829645156  0.9913012
8791.04998862742  1.001917
8792.30168080329  1.011284
8793.55337297915  0.9989678
8794.80506515502  0.9951783
8796.05675733089  0.9946522
8797.30844950675  0.9809458
8798.56014168261  0.962531
8799.81183385848  0.9393429
8801.06352603434  0.9477253
8802.31521821021  0.9868198
8803.56691038607  1.001168
8804.81860256194  0.9969776
8806.07029473781  0.9940536
8807.32198691367  0.9903395
8808.57367908954  0.9957737
8809.8253712654  0.9943868
8811.07706344127  0.9828308
8812.32875561713  0.9856953
8813.580447793  0.995629
8814.83213996886  1.004234
8816.08383214473  0.9966937
8817.33552432059  0.9870017
8818.58721649646  1.00448
8819.83890867232  1.020416
8821.09060084819  1.021946
8822.34229302405  1.026483
8823.59398519992  1.033461
8824.84567737578  1.022668
8826.09736955165  1.000133
8827.34906172751  1.008691
8828.60075390338  1.006848
8829.85244607924  1.01613
8831.10413825511  1.014835
8832.35583043097  0.9974982
8833.60752260684  0.9894062
8834.8592147827  0.9970625
8836.11090695857  1.006054
8837.36259913443  0.9983107
8838.6142913103  0.9865828
8839.86598348617  0.978581
8841.11767566203  0.9721345
8842.3693678379  0.9737213
8843.62106001376  0.9807619
8844.87275218963  0.9843646
8846.12444436549  0.9918395
8847.37613654136  0.9822956
8848.62782871722  0.9712113
8849.87952089309  0.9819296
8851.13121306895  0.9775844
8852.38290524482  0.9571988
8853.63459742068  0.952722
8854.88628959655  0.9433418
8856.13798177241  0.9260069
8857.38967394828  0.9292412
8858.64136612414  0.9428018
8859.89305830001  0.9560648
8861.14475047587  0.9891965
8862.39644265174  0.999867
8863.6481348276  0.9861703
8864.89982700347  1.003546
8866.15151917933  1.016138
8867.4032113552  1.005237
8868.65490353106  1.006502
8869.90659570693  1.014799
8871.15828788279  1.0091
8872.40998005866  1.012142
8873.66167223452  1.027032
8874.91336441039  1.016313
8876.16505658625  1.006822
8877.41674876212  1.010464
8878.66844093799  1.009728
8879.92013311385  0.9913713
8881.17182528972  0.9871832
8882.42351746558  0.9835108
8883.67520964145  0.9902141
8884.92690181731  1.012119
8886.17859399318  1.002946
8887.43028616904  0.9991314
8888.68197834491  0.9905248
8889.93367052077  0.979506
8891.18536269664  0.9841515
8892.4370548725  0.9936723
8893.68874704837  0.9862968
8894.94043922423  0.9922788
8896.1921314001  0.998307
8897.44382357596  0.9895456
8898.69551575183  0.9852551
8899.94720792769  0.9824387
8901.19890010356  0.9933929
8902.45059227942  1.00654
8903.70228445529  1.001593
8904.95397663115  0.9862853
8906.20566880702  0.9968106
8907.45736098288  1.012797
8908.70905315875  1.014404
8909.96074533461  1.003726
8911.21243751048  1.012943
8912.46412968635  1.011152
8913.71582186221  1.016383
8914.96751403808  1.000384
8916.21920621394  1.000369
8917.47089838981  1.021397
8918.72259056567  1.025927
8919.97428274154  1.01212
8921.2259749174  1.01732
8922.47766709327  1.019159
8923.72935926913  1.005172
8924.981051445  0.9950753
8926.23274362086  0.9997854
8927.48443579673  1.015295
8928.73612797259  1.021038
8929.98782014846  1.027231
8931.23951232432  1.040191
8932.49120450019  1.013612
8933.74289667605  0.9935389
8934.99458885192  1.007769
8936.24628102778  1.018101
8937.49797320365  1.00714
8938.74966537951  0.998817
8940.00135755538  1.004998
8941.25304973124  1.000562
8942.50474190711  1.005211
8943.75643408298  0.9926656
8945.00812625884  0.9652148
8946.2598184347  0.9769275
8947.51151061057  0.9934983
8948.76320278643  1.004425
8950.0148949623  1.002403
8951.26658713817  0.9944393
8952.51827931403  0.9973817
8953.76997148989  0.9944128
8955.02166366576  0.9793261
8956.27335584163  1.018195
8957.52504801749  1.033986
8958.77674019336  1.019435
8960.02843236922  1.017728
8961.28012454509  1.013972
8962.53181672095  0.990497
8963.78350889682  0.980457
8965.03520107268  0.9975492
8966.28689324855  0.9970714
8967.53858542441  1.014721
8968.79027760028  1.024451
8970.04196977614  1.012324
8971.29366195201  0.9935882
8972.54535412787  0.9745193
8973.79704630374  1.003554
8975.0487384796  1.005624
8976.30043065547  0.9957471
8977.55212283133  1.004547
8978.8038150072  0.9972858
8980.05550718306  0.9631153
8981.30719935893  0.9435964
8982.55889153479  0.987252
8983.81058371066  0.998174
8985.06227588652  0.9693462
8986.31396806239  0.9341724
8987.56566023825  0.8856253
8988.81735241412  0.901684
8990.06904458998  0.9206915
8991.32073676585  0.884384
8992.57242894172  0.8977602
8993.82412111758  0.990672
8995.07581329345  0.990482
8996.32750546931  0.9885483
8997.57919764518  1.012027
8998.83088982104  0.9893157
9000.0825819969  0.9100012
9001.33427417277  0.9149582
9002.58596634864  0.9424999
9003.8376585245  0.9271047
9005.08935070037  0.9456185
9006.34104287623  0.9403402
9007.5927350521  0.89281
9008.84442722796  0.9038271
9010.09611940383  0.9488451
9011.34781157969  0.9415157
9012.59950375556  0.9495537
9013.85119593142  0.9951854
9015.10288810729  0.9664927
9016.35458028315  0.9375341
9017.60627245902  0.9112784
9018.85796463488  0.9724829
9020.10965681075  0.9866034
9021.36134898661  0.9888879
9022.61304116248  0.9678974
9023.86473333835  0.9501658
9025.11642551421  0.9771312
9026.36811769008  0.9611363
9027.61980986594  0.9730607
9028.8715020418  0.9857108
9030.12319421767  0.9826683
9031.37488639353  0.9657117
9032.6265785694  0.9801883
9033.87827074527  0.9936976
9035.12996292113  0.9747408
9036.381655097  0.9792048
9037.63334727286  0.9960618
9038.88503944873  1.001856
9040.13673162459  0.9919698
9041.38842380046  0.9792647
9042.64011597632  0.9998295
9043.89180815219  1.016824
9045.14350032805  1.027156
9046.39519250392  1.016351
9047.64688467978  1.010883
9048.89857685565  1.01385
9050.15026903151  1.018365
9051.40196120738  1.025768
9052.65365338324  1.00397
9053.90534555911  1.006307
9055.15703773497  1.026807
9056.40872991084  1.025642
9057.6604220867  1.020836
9058.91211426257  1.009831
9060.16380643843  1.005452
9061.4154986143  0.9902636
9062.66719079016  1.009233
9063.91888296603  1.009878
9065.1705751419  0.9902465
9066.42226731776  0.990196
9067.67395949363  1.004573
9068.92565166949  0.9819291
9070.17734384536  0.9500811
9071.42903602122  0.9306501
9072.68072819709  0.9319486
9073.93242037295  0.9489061
9075.18411254882  0.9663729
9076.43580472468  0.9806279
9077.68749690055  0.9881126
9078.93918907641  0.956278
9080.19088125228  0.9377044
9081.44257342814  0.9326671
9082.69426560401  0.9584568
9083.94595777987  1.00341
9085.19764995574  1.002556
9086.4493421316  0.9412665
9087.70103430747  0.9269782
9088.95272648333  0.9918215
9090.2044186592  1.008353
9091.45611083506  0.99891
9092.70780301093  0.999149
9093.95949518679  1.001466
9095.21118736266  1.02144
9096.46287953853  1.024039
9097.71457171439  0.9835753
9098.96626389026  0.9480996
9100.21795606612  0.9535309
9101.46964824198  0.9768599
9102.72134041785  1.013547
9103.97303259371  0.9932186
9105.22472476958  0.9903395
9106.47641694544  0.9866641
9107.72810912131  1.002145
9108.97980129718  1.021656
9110.23149347304  0.9997795
9111.48318564891  1.016402
9112.73487782477  1.002513
9113.98657000064  0.9852999
9115.2382621765  0.9990637
9116.48995435237  1.022
9117.74164652823  1.008495
9118.9933387041  0.9646502
9120.24503087996  0.9812323
9121.49672305583  1.034045
9122.74841523169  1.023008
9124.00010740756  1.002542
9125.25179958342  1.013299
9126.50349175929  1.014843
9127.75518393515  0.9892256
9129.00687611102  0.9698836
9130.25856828688  0.9573122
9131.51026046275  0.9461151
9132.76195263861  0.9843158
9134.01364481448  0.9885455
9135.26533699034  0.9568758
9136.51702916621  0.9076488
9137.76872134207  0.9586583
9139.02041351794  1.000572
9140.27210569381  1.005895
9141.52379786967  0.9992584
9142.77549004554  1.003198
9144.0271822214  1.006591
9145.27887439727  1.014822
9146.53056657313  1.009671
9147.782258749  1.000132
9149.03395092486  1.002775
9150.28564310073  0.9846367
9151.53733527659  0.9978933
9152.78902745246  0.9985431
9154.04071962832  0.9724161
9155.29241180419  0.9176242
9156.54410398005  0.9168172
9157.79579615592  0.9743612
9159.04748833178  0.9902158
9160.29918050765  0.995907
9161.55087268351  0.9975498
9162.80256485938  1.001976
9164.05425703524  1.013645
9165.30594921111  1.023033
9166.55764138697  1.003547
9167.80933356284  1.003936
9169.0610257387  1.008345
9170.31271791457  1.003847
9171.56441009044  0.9984357
9172.8161022663  0.9902547
9174.06779444217  0.9658066
9175.31948661803  0.9596627
9176.5711787939  0.9706588
9177.82287096976  1.016706
9179.07456314562  1.024746
9180.32625532149  1.012185
9181.57794749736  1.016943
9182.82963967322  1.006303
9184.08133184909  0.9963164
9185.33302402495  1.027819
9186.58471620082  1.046644
9187.83640837668  1.035758
9189.08810055255  1.001696
9190.33979272841  0.9772376
9191.59148490428  0.9891671
9192.84317708014  0.9982276
9194.09486925601  0.9823102
9195.34656143187  0.9730974
9196.59825360774  0.9736195
9197.8499457836  0.9963768
9199.10163795947  1.011698
