5271.84326171875  1.002542
5272.28222131729  0.9927272
5272.72118091583  0.9769299
5273.16014051437  0.9685647
5273.59910011292  0.9845827
5274.03805971146  0.9974647
5274.47701931  0.9922321
5274.91597890854  0.9715765
5275.35493850708  0.9440753
5275.79389810562  0.9463305
5276.23285770416  0.976024
5276.6718173027  0.9947791
5277.11077690125  1.000752
5277.54973649979  1.000761
5277.98869609833  0.9993275
5278.42765569687  0.9994422
5278.86661529541  1.000666
5279.30557489395  0.9966799
5279.74453449249  0.9901574
5280.18349409103  0.9893093
5280.62245368958  0.9977049
5281.06141328812  0.9930195
5281.50037288666  0.9857564
5281.9393324852  0.9862743
5282.37829208374  0.9958997
5282.81725168228  0.9899248
5283.25621128082  0.9603719
5283.69517087936  0.9432909
5284.1341304779  0.963437
5284.57309007645  0.994041
5285.01204967499  1.00305
5285.45100927353  0.9997721
5285.88996887207  1.000298
5286.32892847061  1.001751
5286.76788806915  1.000659
5287.2068476677  1.00061
5287.64580726624  0.9999875
5288.08476686478  0.9940296
5288.52372646332  0.9927223
5288.96268606186  0.9964635
5289.4016456604  1.004142
5289.84060525894  1.001644
5290.27956485748  1.002707
5290.71852445602  1.001675
5291.15748405457  1.007412
5291.59644365311  1.005155
5292.03540325165  0.9989991
5292.47436285019  0.9971045
5292.91332244873  0.9980549
5293.35228204727  0.9969776
5293.79124164581  0.9993709
5294.23020124435  1.00246
5294.6691608429  0.9996964
5295.10812044144  0.9993615
5295.54708003998  1.002476
5295.98603963852  0.9988039
5296.42499923706  0.9964883
5296.8639588356  0.9791917
5297.30291843414  0.9603674
5297.74187803269  0.9414397
5298.18083763123  0.9421872
5298.61979722977  0.9726182
5299.05875682831  1.001573
5299.49771642685  1.003135
5299.93667602539  1.004697
5300.37563562393  1.002699
5300.81459522247  0.9981434
5301.25355482102  0.999782
5301.69251441956  0.9826533
5302.1314740181  0.9693561
5302.57043361664  0.9761083
5303.00939321518  0.9989082
5303.44835281372  1.004717
5303.88731241226  1.001084
5304.3262720108  1.00037
5304.76523160935  1.005057
5305.20419120789  0.9982908
5305.64315080643  0.9978169
5306.08211040497  1.002178
5306.52107000351  0.9915263
5306.96002960205  0.9874155
5307.39898920059  0.9891503
5307.83794879913  0.995801
5308.27690839767  0.9993895
5308.71586799622  1.002786
5309.15482759476  1.004411
5309.5937871933  1.000777
5310.03274679184  0.9990706
5310.47170639038  0.9989548
5310.91066598892  1.001065
5311.34962558746  0.9976379
5311.78858518601  0.9967729
5312.22754478455  1.004361
5312.66650438309  1.002733
5313.10546398163  0.9985482
5313.54442358017  0.9995216
5313.98338317871  1.000102
5314.42234277725  0.9964849
5314.86130237579  0.997835
5315.30026197433  0.9990337
5315.73922157288  0.9840741
5316.17818117142  0.9261312
5316.61714076996  0.9039041
5317.0561003685  0.9604729
5317.49505996704  1.003005
5317.93401956558  1.007006
5318.37297916412  1.000317
5318.81193876267  1.000147
5319.25089836121  0.9975791
5319.68985795975  0.9971252
5320.12881755829  1.000874
5320.56777715683  1.000815
5321.00673675537  1.003265
5321.44569635391  0.9958816
5321.88465595245  0.9962108
5322.323615551  1.006269
5322.76257514954  1.013951
5323.20153474808  0.9899449
5323.64049434662  0.9262142
5324.07945394516  0.8980942
5324.5184135437  0.9382362
5324.95737314224  0.9879807
5325.39633274078  0.9955957
5325.83529233933  1.005608
5326.27425193787  1.010738
5326.71321153641  1.0071
5327.15217113495  0.9545941
5327.59113073349  0.8341349
5328.03009033203  0.771421
5328.46904993057  0.8143126
5328.90800952911  0.9177216
5329.34696912766  0.9824997
5329.7859287262  0.9976344
5330.22488832474  1.00027
5330.66384792328  1.001134
5331.10280752182  1.001945
5331.54176712036  1.003001
5331.9807267189  0.9879047
5332.41968631744  0.963622
5332.85864591599  0.9608439
5333.29760551453  0.9859744
5333.73656511307  1.003958
5334.17552471161  0.9977988
5334.61448431015  0.9957273
5335.05344390869  1.004065
5335.49240350723  1.005848
5335.93136310577  0.9967396
5336.37032270432  0.9795831
5336.80928230286  0.9753553
5337.2482419014  0.9916895
5337.68720149994  1.002773
5338.12616109848  1.004346
5338.56512069702  1.00699
5339.00408029556  0.9867284
5339.4430398941  0.9481038
5339.88199949265  0.9212816
5340.32095909119  0.9127316
5340.75991868973  0.9209606
5341.19887828827  0.9540766
5341.63783788681  0.9936124
5342.07679748535  1.001896
5342.51575708389  0.99909
5342.95471668243  0.9930633
5343.39367628098  0.9926442
5343.83263587952  1.004562
5344.27159547806  1.011297
5344.7105550766  1.001085
5345.14951467514  0.9767045
5345.58847427368  0.9569064
5346.02743387222  0.9716513
5346.46639347077  1.000611
5346.90535306931  1.008524
5347.34431266785  1.006845
5347.78327226639  0.9863693
5348.22223186493  0.9732479
5348.66119146347  0.9637613
5349.10015106201  0.9498395
5349.53911066055  0.9614031
5349.97807025909  0.9821854
5350.41702985764  0.9999704
5350.85598945618  1.00723
5351.29494905472  1.006206
5351.73390865326  1.00131
5352.1728682518  0.9955001
5352.61182785034  0.9959597
5353.05078744888  0.9842345
5353.48974704742  0.9867204
5353.92870664597  1.00075
5354.36766624451  1.002799
5354.80662584305  0.9994758
5355.24558544159  0.9999987
5355.68454504013  1.003867
5356.12350463867  1.003212
5356.56246423721  1.001114
5357.00142383575  1.003864
5357.4403834343  1.010552
5357.87934303284  1.004646
5358.31830263138  0.9984562
5358.75726222992  0.99704
5359.19622182846  0.9945853
5359.635181427  1.002975
5360.07414102554  1.004138
5360.51310062409  1.008579
5360.95206022263  1.001232
5361.39101982117  0.9945729
5361.82997941971  0.9925782
5362.26893901825  0.9727904
5362.70789861679  0.9705292
5363.14685821533  0.9915279
5363.58581781387  1.010524
5364.02477741242  0.9885084
5364.46373701096  0.9432416
5364.9026966095  0.9284356
5365.34165620804  0.9634142
5365.78061580658  0.9967459
5366.21957540512  1.004089
5366.65853500366  0.98241
5367.0974946022  0.9526016
5367.53645420074  0.9694707
5367.97541379929  0.99898
5368.41437339783  1.012327
5368.85333299637  1.002481
5369.29229259491  0.9596939
5369.73125219345  0.9301381
5370.17021179199  0.9423385
5370.60917139053  0.936747
5371.04813098908  0.9002069
5371.48709058762  0.9074871
5371.92605018616  0.9641723
5372.3650097847  1.003301
5372.80396938324  1.002087
5373.24292898178  0.9916079
5373.68188858032  0.992417
5374.12084817886  0.9934934
5374.55980777741  0.9972329
5374.99876737595  0.9984294
5375.43772697449  1.00204
5375.87668657303  0.9999761
5376.31564617157  0.9989803
5376.75460577011  1.000903
5377.19356536865  1.00004
5377.63252496719  0.9984761
5378.07148456574  1.000604
5378.51044416428  1.003235
5378.94940376282  1.000008
5379.38836336136  0.9926973
5379.8273229599  0.9915794
5380.26628255844  0.9853754
5380.70524215698  0.9865577
5381.14420175552  0.9985235
5381.58316135407  1.005332
5382.02212095261  1.001425
5382.46108055115  0.9751188
5382.90004014969  0.9385152
5383.33899974823  0.9374141
5383.77795934677  0.9778578
5384.21691894531  1.00067
5384.65587854385  1.00668
5385.0948381424  1.007883
5385.53379774094  1.006785
5385.97275733948  1.001612
5386.41171693802  0.9948781
5386.85067653656  0.9968364
5387.2896361351  0.9952477
5387.72859573364  0.9965231
5388.16755533218  0.9993601
5388.60651493073  1.00081
5389.04547452927  0.9896509
5389.48443412781  0.9913419
5389.92339372635  0.9927971
5390.36235332489  0.998415
5390.80131292343  0.9906269
5391.24027252197  0.9824924
5391.67923212051  0.9863121
5392.11819171906  0.9897214
5392.5571513176  0.9664143
5392.99611091614  0.9520268
5393.43507051468  0.9735886
5393.87403011322  0.9976143
5394.31298971176  1.012294
5394.7519493103  1.008592
5395.19090890884  1.015696
5395.62986850739  1.001833
5396.06882810593  0.9841204
5396.50778770447  0.9361658
5396.94674730301  0.9048364
5397.38570690155  0.9254571
5397.82466650009  0.9674566
5398.26362609863  1.00448
5398.70258569718  1.003785
5399.14154529572  1.000064
5399.58050489426  0.9952037
5400.0194644928  0.966822
5400.45842409134  0.9613647
5400.89738368988  0.990873
5401.33634328842  1.006473
5401.77530288696  1.00805
5402.2142624855  1.008106
5402.65322208405  1.010875
5403.09218168259  0.9859685
5403.53114128113  0.9184237
5403.97010087967  0.8971969
5404.40906047821  0.9289476
5404.84802007675  0.9373806
5405.28697967529  0.9076993
5405.72593927383  0.9069774
5406.16489887238  0.9515954
5406.60385847092  1.002924
5407.04281806946  0.9985519
5407.481777668  1.002021
5407.92073726654  1.005561
5408.35969686508  1.001497
5408.79865646362  0.9899951
5409.23761606216  0.9484217
5409.67657566071  0.9258841
5410.11553525925  0.9320565
5410.55449485779  0.9306852
5410.99345445633  0.9460439
5411.43241405487  0.9961275
5411.87137365341  1.005998
5412.31033325195  1.008902
5412.74929285049  1.008921
5413.18825244904  1.006907
5413.62721204758  0.9983554
5414.06617164612  0.9856436
5414.50513124466  0.9483478
5414.9440908432  0.9138379
5415.38305044174  0.9531151
5415.82201004028  0.9925597
5416.26096963882  0.9986848
5416.69992923737  0.9988573
5417.13888883591  1.002264
5417.57784843445  1.000257
5418.01680803299  0.9950534
5418.45576763153  0.9923655
5418.89472723007  0.9953684
5419.33368682861  1.001628
5419.77264642716  0.9976175
5420.2116060257  0.9760314
5420.65056562424  0.9734332
5421.08952522278  0.9791228
5421.52848482132  0.9987713
5421.96744441986  1.001
5422.4064040184  1.005653
5422.84536361694  0.9970329
5423.28432321549  0.9530745
5423.72328281403  0.8926227
5424.16224241257  0.896
5424.60120201111  0.9376563
5425.04016160965  0.9846305
5425.47912120819  0.9979727
5425.91808080673  0.9981911
5426.35704040527  1.000605
5426.79600000381  1.003202
5427.23495960236  1.000684
5427.6739192009  1.004475
5428.11287879944  1.008057
5428.55183839798  0.9801122
5428.99079799652  0.8990389
5429.42975759506  0.8586035
5429.8687171936  0.8937662
5430.30767679215  0.9838265
5430.74663639069  0.9995879
5431.18559598923  1.002438
5431.62455558777  1.003615
5432.06351518631  0.9925998
5432.50247478485  0.981264
5432.94143438339  0.9862937
5433.38039398193  0.982931
5433.81935358048  0.9501103
5434.25831317902  0.9080233
5434.69727277756  0.9489679
5435.1362323761  0.9770826
5435.57519197464  0.9840305
5436.01415157318  0.9829762
5436.45311117172  0.9904206
5436.89207077026  0.9950718
5437.33103036881  0.9988384
5437.76998996735  1.003011
5438.20894956589  1.002576
5438.64790916443  1.00267
5439.08686876297  1.000642
5439.52582836151  0.9958686
5439.96478796005  0.9979209
5440.40374755859  0.9975686
5440.84270715714  0.9979596
5441.28166675568  1.003649
5441.72062635422  1.000701
5442.15958595276  0.9990761
5442.5985455513  0.999019
5443.03750514984  0.9997322
5443.47646474838  1.001107
5443.91542434693  0.9915293
5444.35438394546  0.9679444
5444.79334354401  0.9567773
5445.23230314255  0.968536
5445.67126274109  0.9668452
5446.11022233963  0.8938977
5446.54918193817  0.8444806
5446.98814153671  0.8958522
5447.42710113525  0.9639606
5447.8660607338  0.9995949
5448.30502033234  1.004861
5448.74397993088  0.9998323
5449.18293952942  0.9954438
5449.62189912796  0.999298
5450.0608587265  0.9996929
5450.49981832504  0.9977405
5450.93877792358  0.9977693
5451.37773752213  0.9958771
5451.81669712067  0.9964692
5452.25565671921  1.002095
5452.69461631775  0.9983416
5453.13357591629  0.9950166
5453.57253551483  0.9997029
5454.01149511337  1.001678
5454.45045471191  0.9675407
5454.88941431046  0.8868201
5455.328373909  0.8291008
5455.76733350754  0.8922755
5456.20629310608  0.9747229
5456.64525270462  1.005898
5457.08421230316  1.002537
5457.5231719017  1.000752
5457.96213150024  0.9949516
5458.40109109879  0.9967566
5458.84005069733  1.007395
5459.27901029587  1.009947
5459.71796989441  1.004152
5460.15692949295  0.9961679
5460.59588909149  1.001295
5461.03484869003  0.9999377
5461.47380828858  0.9987389
5461.91276788712  0.9769868
5462.35172748566  0.9276096
5462.7906870842  0.893945
5463.22964668274  0.9126534
5463.66860628128  0.9586479
5464.10756587982  0.9914313
5464.54652547836  1.002259
5464.9854850769  1.010139
5465.42444467545  1.001307
5465.86340427399  0.9721186
5466.30236387253  0.9617827
5466.74132347107  0.9758862
5467.18028306961  0.9899437
5467.61924266815  1.003435
5468.05820226669  1.002516
5468.49716186524  1.002997
5468.93612146378  1.00419
5469.37508106232  0.9989816
5469.81404066086  0.9899214
5470.2530002594  0.986951
5470.69195985794  0.9913542
5471.13091945648  0.998211
5471.56987905502  1.001235
5472.00883865356  1.00447
5472.44779825211  0.9945372
5472.88675785065  0.9749726
5473.32571744919  0.9656559
5473.76467704773  0.9686564
5474.20363664627  0.9946452
5474.64259624481  1.009503
5475.08155584335  1.005854
5475.5205154419  0.9729021
5475.95947504044  0.8952031
5476.39843463898  0.8195608
5476.83739423752  0.8684232
5477.27635383606  0.9326121
5477.7153134346  0.9768189
5478.15427303314  0.9899735
5478.59323263168  1.000053
5479.03219223022  1.006634
5479.47115182877  1.007221
5479.91011142731  0.9964074
5480.34907102585  0.9733275
5480.78803062439  0.9514085
5481.22699022293  0.9542857
5481.66594982147  0.9805338
5482.10490942001  1.000237
5482.54386901856  0.9935871
5482.9828286171  0.9843077
5483.42178821564  0.9936069
5483.86074781418  1.00914
5484.29970741272  1.012094
5484.73866701126  1.006325
5485.1776266098  1.011128
5485.61658620834  1.012409
5486.05554580689  1.011684
5486.49450540543  0.9915432
5486.93346500397  0.960205
5487.37242460251  0.9447291
5487.81138420105  0.9537223
5488.25034379959  0.9834115
5488.68930339813  1.001437
5489.12826299667  1.000055
5489.56722259521  0.9944679
5490.00618219376  0.9925067
5490.4451417923  0.9923725
5490.88410139084  1.000104
5491.32306098938  1.007514
5491.76202058792  1.010486
5492.20098018646  1.000668
5492.639939785  0.9939555
5493.07889938355  0.9838261
5493.51785898209  0.9775516
5493.95681858063  0.9847975
5494.39577817917  0.9944098
5494.83473777771  1.001641
5495.27369737625  1.009909
5495.71265697479  1.013415
5496.15161657333  1.00113
5496.59057617188  0.9698731
5497.02953577042  0.9362258
5497.46849536896  0.9334317
5497.9074549675  0.9734738
5498.34641456604  1.003559
5498.78537416458  1.011684
5499.22433376312  1.012117
5499.66329336166  1.015863
5500.10225296021  1.009912
5500.54121255875  0.9929815
5500.98017215729  0.9560444
5501.41913175583  0.9397264
5501.85809135437  0.9623782
5502.29705095291  0.9816743
5502.73601055145  0.979062
5503.17497014999  0.9814915
5503.61392974853  0.9961511
5504.05288934708  1.010757
5504.49184894562  1.009239
5504.93080854416  1.003921
5505.3697681427  0.9876236
5505.80872774124  0.9600204
5506.24768733978  0.9376305
5506.68664693833  0.9361501
5507.12560653687  0.9721059
5507.56456613541  1.000797
5508.00352573395  1.000888
5508.44248533249  0.9977233
5508.88144493103  0.9978514
5509.32040452957  0.9913552
5509.75936412811  0.9819903
5510.19832372665  0.989518
5510.6372833252  1.001213
5511.07624292374  1.004617
5511.51520252228  0.9952627
5511.95416212082  0.9631624
5512.39312171936  0.9437701
5512.8320813179  0.9551933
5513.27104091644  0.9857528
5513.71000051498  0.9971239
5514.14896011353  0.9935319
5514.58791971207  0.9960254
5515.02687931061  1.000512
5515.46583890915  1.003866
5515.90479850769  1.003901
5516.34375810623  0.9980064
5516.78271770477  0.9926315
5517.22167730332  0.9990683
5517.66063690186  1.006853
5518.0995965004  1.00664
5518.53855609894  1.004166
5518.97751569748  1.001249
5519.41647529602  1.002316
5519.85543489456  1.002901
5520.2943944931  0.9991691
5520.73335409165  1.001113
5521.17231369019  0.9972639
5521.61127328873  0.9973381
5522.05023288727  0.9974349
5522.48919248581  0.9984314
5522.92815208435  1.003965
5523.36711168289  1.002212
5523.80607128143  1.003576
5524.24503087998  1.003555
5524.68399047852  0.9932255
5525.12295007706  0.9803706
5525.5619096756  0.9783729
5526.00086927414  0.9739121
5526.43982887268  0.9668381
5526.87878847122  0.9652683
5527.31774806976  0.9521211
5527.7567076683  0.8972446
5528.19566726685  0.8387759
5528.63462686539  0.8963933
5529.07358646393  0.9684111
5529.51254606247  1.006164
5529.95150566101  1.009068
5530.39046525955  1.008213
5530.82942485809  1.007507
5531.26838445664  1.003402
5531.70734405518  0.999223
5532.14630365372  0.9924805
5532.58526325226  0.9890655
5533.0242228508  1.002327
5533.46318244934  1.001958
5533.90214204788  0.9911584
5534.34110164642  0.9564545
5534.78006124496  0.9287986
5535.21902084351  0.938512
5535.65798044205  0.9730466
5536.09694004059  0.9990971
5536.53589963913  1.004782
5536.97485923767  1.006936
5537.41381883621  1.003791
5537.85277843475  0.9959897
5538.2917380333  0.9858462
5538.73069763184  0.9895599
5539.16965723038  1.003436
5539.60861682892  1.003575
5540.04757642746  0.9981443
5540.486536026  1.000863
5540.92549562454  1.004261
5541.36445522308  1.003461
5541.80341482162  1.003222
5542.24237442017  0.9963188
5542.68133401871  0.9790236
5543.12029361725  0.9620089
5543.55925321579  0.9612315
5543.99821281433  0.9828215
5544.43717241287  1.004327
5544.87613201141  1.006889
5545.31509160996  0.999118
5545.7540512085  0.9898385
5546.19301080704  0.9785005
5546.63197040558  0.9801236
5547.07093000412  0.9878846
5547.50988960266  1.001144
5547.9488492012  0.9996419
5548.38780879974  1.002143
5548.82676839829  0.9974203
5549.26572799683  1.001828
5549.70468759537  1.000642
5550.14364719391  0.9976798
5550.58260679245  1.00455
5551.02156639099  0.9995918
5551.46052598953  1.001219
5551.89948558807  1.003073
5552.33844518662  1.002801
5552.77740478516  0.9905588
5553.2163643837  0.9839445
5553.65532398224  0.9821957
5554.09428358078  0.9724185
5554.53324317932  0.9570253
5554.97220277786  0.9606127
5555.4111623764  0.9875109
5555.85012197495  1.004239
5556.28908157349  1.001941
5556.72804117203  1.001039
5557.16700077057  0.9931108
5557.60596036911  0.9896033
5558.04491996765  0.987663
5558.48387956619  0.9958717
5558.92283916473  0.9941019
5559.36179876328  0.9897038
5559.80075836182  0.9828623
5560.23971796036  0.9895218
5560.6786775589  1.003464
5561.11763715744  1.01084
5561.55659675598  0.998184
5561.99555635452  0.9797038
5562.43451595306  0.9654362
5562.87347555161  0.9586424
5563.31243515015  0.9641349
5563.75139474869  0.9854192
5564.19035434723  1.002396
5564.62931394577  0.9901542
5565.06827354431  0.9630339
5565.50723314285  0.9485352
5565.9461927414  0.9651765
5566.38515233993  0.9880353
5566.82411193848  0.9968935
5567.26307153702  0.9902926
5567.70203113556  0.9900982
5568.1409907341  0.9936609
5568.57995033264  0.9797693
5569.01890993118  0.9404925
5569.45786952972  0.9088045
5569.89682912827  0.9365467
5570.33578872681  0.9955525
5570.77474832535  1.01199
5571.21370792389  1.005057
5571.65266752243  0.9879718
5572.09162712097  0.9314496
5572.53058671951  0.8766322
5572.96954631805  0.8933302
5573.4085059166  0.9632818
5573.84746551514  0.9752223
5574.28642511368  0.9080335
5574.72538471222  0.8858701
5575.16434431076  0.8640504
5575.6033039093  0.8424352
5576.04226350784  0.8925285
5576.48122310638  0.9726223
5576.92018270493  0.9796076
5577.35914230347  0.9789515
5577.79810190201  0.9739671
5578.23706150055  0.9861044
5578.67602109909  0.8620065
5579.11498069763  0.83095
5579.55394029617  0.8774059
5579.99289989472  0.9701737
5580.43185949326  0.9989384
5580.8708190918  0.9871309
5581.30977869034  0.9629069
5581.74873828888  0.9518001
5582.18769788742  0.9672799
5582.62665748596  0.9958377
5583.0656170845  1.002489
5583.50457668305  1.00205
5583.94353628159  1.000329
5584.38249588013  0.9943005
5584.82145547867  0.9950458
5585.26041507721  0.9948047
5585.69937467575  0.9711399
5586.13833427429  0.9136282
5586.57729387283  0.8847319
5587.01625347137  0.9019679
5587.45521306992  0.9434395
5587.89417266846  0.9372498
5588.333132267  0.9209362
5588.77209186554  0.9209902
5589.21105146408  0.9439208
5589.65001106262  0.9456846
5590.08897066116  0.9556452
5590.5279302597  0.9793299
5590.96688985825  0.9955208
5591.40584945679  0.9919668
5591.84480905533  0.9829675
5592.28376865387  0.9852373
5592.72272825241  0.9899652
5593.16168785095  0.9824729
5593.60064744949  0.936905
5594.03960704804  0.8973723
5594.47856664658  0.8992405
5594.91752624512  0.9502638
5595.35648584366  0.992518
5595.7954454422  1.003617
5596.23440504074  1.004692
5596.67336463928  1.003319
5597.11232423782  0.9966426
5597.55128383637  0.9426652
5597.99024343491  0.8972144
5598.42920303345  0.9010342
5598.86816263199  0.9511012
5599.30712223053  0.9880738
5599.74608182907  0.9891057
5600.18504142761  0.9732224
5600.62400102615  0.9494987
5601.0629606247  0.9445641
5601.50192022324  0.9541466
5601.94087982178  0.9358398
5602.37983942032  0.8924527
5602.81879901886  0.8849712
5603.2577586174  0.9353386
5603.69671821594  0.9794249
5604.13567781448  0.9981456
5604.57463741303  1.00544
5605.01359701157  1.010124
5605.45255661011  1.005922
5605.89151620865  0.9947876
5606.33047580719  0.9927551
5606.76943540573  0.9973176
5607.20839500427  0.9968978
5607.64735460281  0.9949916
5608.08631420136  1.0004
5608.5252737999  1.000567
5608.96423339844  1.002362
5609.40319299698  1.00144
5609.84215259552  0.9939821
5610.28111219406  0.994284
5610.7200717926  0.999504
5611.15903139114  0.99884
5611.59799098969  1.00387
5612.03695058823  1.000797
5612.47591018677  1.002283
5612.91486978531  1.00238
5613.35382938385  0.9960544
5613.79278898239  0.9935948
5614.23174858093  0.9727094
5614.67070817947  0.9195645
5615.10966777802  0.8575649
5615.54862737656  0.8603652
5615.9875869751  0.9225785
5616.42654657364  0.9856359
5616.86550617218  0.9997789
5617.30446577072  0.9993814
5617.74342536926  1.00057
5618.18238496781  0.9954944
5618.62134456635  0.9848199
5619.06030416489  0.9857449
5619.49926376343  0.9900296
5619.93822336197  0.9854173
5620.37718296051  0.9853042
5620.81614255905  0.9943429
5621.25510215759  0.9997367
5621.69406175613  1.005945
5622.13302135468  1.005524
5622.57198095322  1.006499
5623.01094055176  1.004671
5623.4499001503  0.9818397
5623.88885974884  0.9383242
5624.32781934738  0.9210696
5624.76677894592  0.9332882
5625.20573854446  0.9650825
5625.64469814301  0.9895251
5626.08365774155  1.002961
5626.52261734009  1.001836
5626.96157693863  0.9964526
5627.40053653717  0.9944036
5627.83949613571  0.9984589
5628.27845573425  0.9952414
5628.71741533279  0.9992941
5629.15637493134  1.006228
5629.59533452988  1.007213
5630.03429412842  1.005603
5630.47325372696  1.005429
5630.9122133255  1.008844
5631.35117292404  1.005908
5631.79013252258  1.006298
5632.22909212112  1.007476
5632.66805171967  0.9985673
5633.10701131821  0.9827278
5633.54597091675  0.9732403
5633.98493051529  0.9751626
5634.42389011383  0.9869336
5634.86284971237  0.9963698
5635.30180931091  0.9959652
5635.74076890945  0.9954852
5636.179728508  0.9843934
5636.61868810654  0.9726527
5637.05764770508  0.964377
5637.49660730362  0.9571102
5637.93556690216  0.9560836
5638.3745265007  0.9738197
5638.81348609924  1.000026
5639.25244569778  1.007462
5639.69140529633  1.002263
5640.13036489487  0.9932038
5640.56932449341  0.9651676
5641.00828409195  0.9561123
5641.44724369049  0.9681226
5641.88620328903  0.9894876
5642.32516288757  1.001453
5642.76412248612  1.002156
5643.20308208466  0.9922315
5643.6420416832  0.9832841
5644.08100128174  0.9824418
5644.51996088028  0.9889704
5644.95892047882  0.9954998
5645.39788007736  0.9913772
5645.8368396759  0.9961264
5646.27579927444  0.9982606
5646.71475887299  0.998645
5647.15371847153  1.006132
5647.59267807007  1.005372
5648.03163766861  1.004755
5648.47059726715  1.000178
5648.90955686569  0.9952354
5649.34851646423  0.9832436
5649.78747606278  0.9788845
5650.22643566132  0.9836788
5650.66539525986  0.9902827
5651.1043548584  0.9997427
5651.54331445694  1.003582
5651.98227405548  1.001234
5652.42123365402  1.003186
5652.86019325256  1.006794
5653.29915285111  1.00131
5653.73811244965  0.9868114
5654.17707204819  0.9628386
5654.61603164673  0.9463578
5655.05499124527  0.947671
5655.49395084381  0.9654318
5655.93291044235  0.9933717
5656.37187004089  1.004193
5656.81082963944  0.9966186
5657.24978923798  0.9673616
5657.68874883652  0.9213374
5658.12770843506  0.8848107
5658.5666680336  0.8834444
5659.00562763214  0.9347053
5659.44458723068  0.9877093
5659.88354682922  1.003614
5660.32250642777  1.002324
5660.76146602631  0.9911295
5661.20042562485  0.9838992
5661.63938522339  0.9660337
5662.07834482193  0.9363554
5662.51730442047  0.9324045
5662.95626401901  0.9531003
5663.39522361755  0.9849342
5663.83418321609  0.999939
5664.27314281464  1.004991
5664.71210241318  1.005474
5665.15106201172  1.000607
5665.59002161026  0.9965504
5666.0289812088  0.9879062
5666.46794080734  0.9805671
5666.90690040588  0.9709989
5667.34586000443  0.9732459
5667.78481960297  0.9888119
5668.22377920151  0.9942275
5668.66273880005  0.9904173
5669.10169839859  0.9833326
5669.54065799713  0.9887087
5669.97961759567  0.9892561
5670.41857719421  0.9930964
5670.85753679276  0.9996001
5671.2964963913  1.000812
5671.73545598984  1.00328
5672.17441558838  1.004642
5672.61337518692  1.005302
5673.05233478546  1.008784
5673.491294384  0.9985475
5673.93025398254  0.9951085
5674.36921358109  0.9845432
5674.80817317963  0.974357
5675.24713277817  0.9648197
5675.68609237671  0.9777383
5676.12505197525  0.9968601
5676.56401157379  1.009738
5677.00297117233  1.011219
5677.44193077087  1.00638
5677.88089036942  1.003924
5678.31984996796  0.9910095
5678.7588095665  0.9758053
5679.19776916504  0.9805861
5679.63672876358  0.9979844
5680.07568836212  1.007275
5680.51464796066  1.006473
5680.95360755921  1.005232
5681.39256715775  0.9885824
5681.83152675629  0.9529808
5682.27048635483  0.9366407
5682.70944595337  0.9531738
5683.14840555191  0.9751297
5683.58736515045  0.9709601
5684.02632474899  0.954984
5684.46528434753  0.9702886
5684.90424394608  0.983269
5685.34320354462  0.9881742
5685.78216314316  0.9734772
5686.2211227417  0.9633784
5686.66008234024  0.973039
5687.09904193878  0.9672253
5687.53800153732  0.9445911
5687.97696113586  0.9350984
5688.41592073441  0.9586232
5688.85488033295  0.9885619
5689.29383993149  0.9959873
5689.73279953003  0.9892581
5690.17175912857  0.9778665
5690.61071872711  0.9805483
5691.04967832565  0.9883637
5691.48863792419  0.9933316
5691.92759752274  0.9998363
5692.36655712128  1.000462
5692.80551671982  0.9889978
5693.24447631836  0.983649
5693.6834359169  0.9832116
5694.12239551544  0.9863904
5694.56135511398  0.9911375
5695.00031471253  0.9857765
5695.43927431107  0.996071
5695.87823390961  1.003345
5696.31719350815  1.004167
5696.75615310669  1.007732
5697.19511270523  0.9970571
5697.63407230377  0.9849859
5698.07303190231  0.9728938
5698.51199150085  0.9779969
5698.9509510994  1.000685
5699.38991069794  1.005073
5699.82887029648  1.001222
5700.26782989502  0.9826664
5700.70678949356  0.9625564
5701.1457490921  0.9486483
5701.58470869064  0.9524236
5702.02366828919  0.9813184
5702.46262788773  0.9989623
5702.90158748627  1.001771
5703.34054708481  1.000983
5703.77950668335  1.002412
5704.21846628189  1.00545
5704.65742588043  0.9946695
5705.09638547897  0.9734211
5705.53534507752  0.9583724
5705.97430467606  0.9573593
5706.4132642746  0.9774512
5706.85222387314  0.9909043
5707.29118347168  0.9889542
5707.73014307022  0.9723753
5708.16910266876  0.9475333
5708.6080622673  0.925978
5709.04702186584  0.9157282
5709.48598146439  0.9361898
5709.92494106293  0.9733853
5710.36390066147  0.9731639
5710.80286026001  0.9461199
5711.24181985855  0.9320387
5711.68077945709  0.9389623
5712.11973905563  0.9629408
5712.55869865418  0.9970437
5712.99765825272  1.004506
5713.43661785126  0.9998983
5713.8755774498  0.997749
5714.31453704834  0.9830206
5714.75349664688  0.973389
5715.19245624542  0.977795
5715.63141584396  0.9948567
5716.07037544251  1.006575
5716.50933504105  1.002623
5716.94829463959  0.989839
5717.38725423813  0.9730461
5717.82621383667  0.9654039
5718.26517343521  0.9836218
5718.70413303375  0.9989722
5719.14309263229  0.9987915
5719.58205223084  0.9987133
5720.02101182938  0.9989648
5720.45997142792  0.9968896
5720.89893102646  0.9950023
5721.337890625  0.998315
5721.77685022354  1.003983
5722.21580982208  1.00267
5722.65476942062  1.005895
5723.09372901916  0.9994957
5723.53268861771  0.9986343
5723.97164821625  1.002686
5724.41060781479  1.003784
5724.84956741333  0.999505
5725.28852701187  1.001742
5725.72748661041  1.000865
5726.16644620896  0.9970443
5726.6054058075  0.9927393
5727.04436540604  0.9808027
5727.48332500458  0.9940994
5727.92228460312  0.9997873
5728.36124420166  1.002098
5728.8002038002  1.00494
5729.23916339874  1.007726
5729.67812299728  1.009177
5730.11708259583  1.004495
5730.55604219437  0.9952288
5730.99500179291  0.9823055
5731.43396139145  0.9780186
5731.87292098999  0.9790867
5732.31188058853  0.9919552
5732.75084018707  1.003694
5733.18979978561  1.004782
5733.62875938416  0.9992223
5734.0677189827  1.00102
5734.50667858124  1.008862
5734.94563817978  1.007153
5735.38459777832  1.005552
5735.82355737686  1.006563
5736.2625169754  1.007855
5736.70147657394  1.003531
5737.14043617249  0.9972973
5737.57939577103  0.9900891
5738.01835536957  0.9918239
5738.45731496811  0.9969649
5738.89627456665  0.9994284
5739.33523416519  0.9998801
5739.77419376373  1.005674
5740.21315336228  1.000532
5740.65211296082  1.000831
5741.09107255936  1.000354
5741.5300321579  0.9916627
5741.96899175644  0.991984
5742.40795135498  0.9972243
5742.84691095352  1.000981
5743.28587055206  0.9985285
5743.72483015061  0.9978487
5744.16378974915  0.9987406
5744.60274934769  1.004401
5745.04170894623  1.006013
5745.48066854477  0.9987427
5745.91962814331  0.9956484
5746.35858774185  1.002722
5746.79754734039  0.9972252
5747.23650693893  0.9806826
5747.67546653748  0.9673169
5748.11442613602  0.9772697
5748.55338573456  0.9970946
5748.9923453331  1.008878
5749.43130493164  1.008983
5749.87026453018  1.006443
5750.30922412872  1.006314
5750.74818372727  1.002201
5751.18714332581  0.9909161
5751.62610292435  0.9783073
5752.06506252289  0.9760911
5752.50402212143  0.9583154
5752.94298171997  0.9433454
5753.38194131851  0.9454814
5753.82090091705  0.9583517
5754.25986051559  0.9631735
5754.69882011414  0.9775553
5755.13777971268  1.003384
5755.57673931122  1.006531
5756.01569890976  0.9937728
5756.4546585083  0.9972745
5756.89361810684  0.9986614
5757.33257770538  1.003068
5757.77153730393  1.005186
5758.21049690247  1.003509
5758.64945650101  0.99906
5759.08841609955  0.9900333
5759.52737569809  0.9903923
5759.96633529663  0.9843161
5760.40529489517  0.9866254
5760.84425449371  0.9975879
5761.28321409225  0.9966555
5761.7221736908  0.9821299
5762.16113328934  0.9548681
5762.60009288788  0.9317301
5763.03905248642  0.9472192
5763.47801208496  0.9795728
5763.9169716835  0.999359
5764.35593128204  1.006328
5764.79489088059  1.004879
5765.23385047913  1.001233
5765.67281007767  1.000601
5766.11176967621  0.9989239
5766.55072927475  0.9984478
5766.98968887329  0.9931077
5767.42864847183  0.9984997
5767.86760807037  0.9985648
5768.30656766892  1.001767
5768.74552726746  0.9945568
5769.184486866  0.9894287
5769.62344646454  1.003201
5770.06240606308  1.01029
5770.50136566162  1.006184
5770.94032526016  0.9974368
5771.3792848587  0.9828522
5771.81824445725  0.9714464
5772.25720405579  0.9783102
5772.69616365433  0.9961819
5773.13512325287  0.9989417
5773.57408285141  0.9935591
5774.01304244995  0.9829692
5774.45200204849  0.9707757
5774.89096164703  0.9720804
5775.32992124558  0.9844151
5775.76888084412  0.9956801
5776.20784044266  1.002753
5776.6468000412  1.004261
5777.08575963974  1.004133
5777.52471923828  0.9948207
5777.96367883682  0.9974128
5778.40263843536  1.000132
5778.84159803391  1.002338
5779.28055763245  0.9944593
5779.71951723099  0.9820725
5780.15847682953  0.9676945
5780.59743642807  0.9616696
5781.03639602661  0.9763862
5781.47535562515  0.9775528
5781.91431522369  0.9796282
5782.35327482224  0.9886726
5782.79223442078  0.9935656
5783.23119401932  0.9903679
5783.67015361786  0.9870934
5784.1091132164  0.9809223
5784.54807281494  0.9680087
5784.98703241348  0.9586911
5785.42599201202  0.9667007
5785.86495161056  0.981987
5786.30391120911  0.9978804
5786.74287080765  0.9969321
5787.18183040619  0.9914784
5787.62079000473  0.9791613
5788.05974960327  0.9822125
5788.49870920181  0.9946653
5788.93766880035  1.002012
5789.3766283989  0.9997996
5789.81558799744  0.9859015
5790.25454759598  0.9747375
5790.69350719452  0.960492
5791.13246679306  0.9681515
5791.5714263916  0.9817563
5792.01038599014  0.9937204
5792.44934558868  0.9869337
5792.88830518723  0.9794695
5793.32726478577  0.9762457
5793.76622438431  0.9917715
5794.20518398285  0.9966383
5794.64414358139  0.99703
5795.08310317993  1.004667
5795.52206277847  1.004854
5795.96102237701  0.9949878
5796.39998197556  0.9959851
5796.8389415741  0.9904769
5797.27790117264  0.9737796
5797.71686077118  0.9659176
5798.15582036972  0.9783576
5798.59477996826  0.9934331
5799.0337395668  1.003381
5799.47269916535  1.000809
5799.91165876389  0.9940251
5800.35061836243  0.9986055
5800.78957796097  0.9975613
5801.22853755951  0.9995556
5801.66749715805  1.008579
5802.10645675659  1.006801
5802.54541635513  1.003268
5802.98437595368  1.002663
5803.42333555222  0.9940792
5803.86229515076  0.9842984
5804.3012547493  0.9851126
5804.74021434784  0.9773607
5805.17917394638  0.98062
5805.61813354492  0.9836781
5806.05709314346  0.9830958
5806.496052742  0.9769491
5806.93501234055  0.990649
5807.37397193909  0.9940872
5807.81293153763  0.9944195
5808.25189113617  0.9960154
5808.69085073471  0.9912435
5809.12981033325  0.9830678
5809.56876993179  0.9946898
5810.00772953033  1.004302
5810.44668912888  1.004401
5810.88564872742  1.002367
5811.32460832596  0.9945728
5811.7635679245  0.9962053
5812.20252752304  1.00288
5812.64148712158  1.000942
5813.08044672012  1.005038
5813.51940631867  1.005533
5813.95836591721  0.9999887
5814.39732551575  1.004376
5814.83628511429  0.9973325
5815.27524471283  0.9853407
5815.71420431137  0.9740562
5816.15316390991  0.9613299
5816.59212350845  0.9714806
5817.031083107  0.9968551
5817.47004270554  1.004335
5817.90900230408  1.008133
5818.34796190262  1.007826
5818.78692150116  1.001343
5819.2258810997  0.997615
5819.66484069824  0.9988298
5820.10380029678  1.005722
5820.54275989533  1.006192
5820.98171949387  1.002475
5821.42067909241  0.9911245
5821.85963869095  0.9936198
5822.29859828949  0.9981987
5822.73755788803  0.99735
5823.17651748657  1.002114
5823.61547708511  1.004094
5824.05443668365  1.007352
5824.4933962822  1.005427
5824.93235588074  1.003667
5825.37131547928  1.00317
5825.81027507782  1.002915
5826.24923467636  1.001396
5826.6881942749  0.999771
5827.12715387344  0.9970042
5827.56611347199  1.000577
5828.00507307053  0.9985794
5828.44403266907  1.001035
5828.88299226761  1.004421
5829.32195186615  1.000672
5829.76091146469  1.002198
5830.19987106323  1.003496
5830.63883066177  0.9969264
5831.07779026032  0.9964819
5831.51674985886  0.9894742
5831.9557094574  1.00042
5832.39466905594  1.003412
5832.83362865448  1.000393
5833.27258825302  1.005391
5833.71154785156  0.9944134
5834.1505074501  0.996825
5834.58946704865  0.9921094
5835.02842664719  0.9949371
5835.46738624573  1.001153
5835.90634584427  1.007197
5836.34530544281  1.007766
5836.78426504135  1.007621
5837.22322463989  1.001216
5837.66218423844  0.9932478
5838.10114383698  0.9964526
5838.54010343552  0.9953887
5838.97906303406  0.9970068
5839.4180226326  0.9988364
5839.85698223114  0.9977691
5840.29594182968  1.005336
5840.73490142822  1.004534
5841.17386102676  0.9989015
5841.61282062531  1.006673
5842.05178022385  1.006162
5842.49073982239  0.9953964
5842.92969942093  0.997668
5843.36865901947  1.000714
5843.80761861801  0.9968462
5844.24657821655  1.000044
5844.68553781509  0.9935437
5845.12449741364  0.9987445
5845.56345701218  0.9928517
5846.00241661072  0.9999499
5846.44137620926  0.9963439
5846.8803358078  1.002291
5847.31929540634  0.9926714
5847.75825500488  0.9903776
5848.19721460342  0.9935529
5848.63617420197  0.9978853
5849.07513380051  1.007942
5849.51409339905  1.006108
5849.95305299759  1.004307
5850.39201259613  1.000656
5850.83097219467  0.99986
5851.26993179321  0.9971904
5851.70889139175  0.9888648
5852.1478509903  0.9858483
5852.58681058884  0.9843445
5853.02577018738  0.9693897
5853.46472978592  0.959213
5853.90368938446  0.975605
5854.342648983  0.9962251
5854.78160858154  1.002436
5855.22056818008  1.002332
5855.65952777863  1.001145
5856.09848737717  0.9955672
5856.53744697571  0.9632602
5856.97640657425  0.9170642
5857.41536617279  0.9165667
5857.85432577133  0.9580862
5858.29328536987  0.9935473
5858.73224496841  0.991028
5859.17120456696  0.9728642
5859.6101641655  0.9751498
5860.04912376404  0.9907728
5860.48808336258  1.005867
5860.92704296112  0.9963068
5861.36600255966  0.9799907
5861.8049621582  0.961477
5862.24392175675  0.955377
5862.68288135529  0.9732738
5863.12184095383  0.9963357
5863.56080055237  0.9975915
5863.99976015091  0.9975552
5864.43871974945  1.001564
5864.87767934799  1.010963
5865.31663894653  1.00978
5865.75559854507  1.001852
5866.19455814362  0.9873869
5866.63351774216  0.9898833
5867.0724773407  0.9992067
5867.51143693924  1.008221
5867.95039653778  1.001478
5868.38935613632  0.999193
5868.82831573486  1.006725
5869.26727533341  1.000473
5869.70623493195  0.9971579
5870.14519453049  0.99441
5870.58415412903  0.9934248
5871.02311372757  0.9965678
5871.46207332611  1.007061
5871.90103292465  1.009058
5872.33999252319  1.005077
5872.77895212173  0.9972537
5873.21791172028  1.000494
5873.65687131882  1.000016
5874.09583091736  1.002283
5874.5347905159  0.9974728
5874.97375011444  0.9874436
5875.41270971298  0.9746263
5875.85166931152  0.9734745
5876.29062891007  0.9826002
5876.72958850861  0.9951915
5877.16854810715  1.009057
5877.60750770569  1.007142
5878.04646730423  1.0103
5878.48542690277  1.001646
5878.92438650131  1.000835
5879.36334609985  0.9870177
5879.8023056984  0.9899223
5880.24126529694  0.9898188
5880.68022489548  0.9899473
5881.11918449402  0.9895445
5881.55814409256  0.9984968
5881.9971036911  0.9998606
5882.43606328964  0.9951349
5882.87502288818  0.9806256
5883.31398248672  0.9662886
5883.75294208527  0.9688286
5884.19190168381  0.9902059
5884.63086128235  1.007089
5885.06982088089  1.003923
5885.50878047943  0.9839939
5885.94774007797  0.964946
5886.38669967651  0.9564122
5886.82565927506  0.9483796
5887.2646188736  0.9307536
5887.70357847214  0.9382272
5888.14253807068  0.9278058
5888.58149766922  0.888944
5889.02045726776  0.8567466
5889.4594168663  0.8556172
5889.89837646484  0.8919015
5890.33733606339  0.8612038
5890.77629566193  0.865778
5891.21525526047  0.8772877
5891.65421485901  0.9037224
5892.09317445755  0.9284095
5892.53213405609  0.9405389
5892.97109365463  0.947605
5893.41005325317  0.9602911
5893.84901285172  0.9616863
5894.28797245026  0.9467989
5894.7269320488  0.9136285
5895.16589164734  0.8799165
5895.60485124588  0.8686967
5896.04381084442  0.8770164
5896.48277044296  0.8859216
5896.9217300415  0.9104951
5897.36068964005  0.9354235
5897.79964923859  0.9482414
5898.23860883713  0.9672739
5898.67756843567  0.9783286
5899.11652803421  0.9773096
5899.55548763275  0.9696141
5899.99444723129  0.9733282
5900.43340682984  0.9869973
5900.87236642838  0.9867449
5901.31132602692  0.9726869
5901.75028562546  0.9752777
5902.189245224  0.9928558
5902.62820482254  0.999979
5903.06716442108  1.000989
5903.50612401962  1.00246
5903.94508361816  1.003324
5904.38404321671  1.001788
5904.82300281525  0.9794144
5905.26196241379  0.9702775
5905.70092201233  0.984024
5906.13988161087  1.004124
5906.57884120941  1.01623
5907.01780080795  1.00594
5907.45676040649  0.9960343
5907.89572000504  0.9914423
5908.33467960358  1.002234
5908.77363920212  0.9995877
5909.21259880066  0.9882777
5909.6515583992  0.9888974
5910.09051799774  0.983245
5910.52947759628  0.9848558
5910.96843719482  1.001341
5911.40739679337  1.013792
5911.84635639191  1.014692
5912.28531599045  0.9971678
5912.72427558899  0.9777963
5913.16323518753  0.9605801
5913.60219478607  0.932082
5914.04115438461  0.93086
5914.48011398316  0.9678305
5914.9190735817  1.014409
5915.35803318024  1.005094
5915.79699277878  0.9854032
5916.23595237732  0.9783327
5916.67491197586  0.9867536
5917.1138715744  1.002364
5917.55283117294  1.001952
5917.99179077148  0.9842846
5918.43075037003  0.9609712
5918.86970996857  0.9533752
5919.30866956711  0.958254
5919.74762916565  0.9712013
5920.18658876419  0.9930981
5920.62554836273  1.01142
5921.06450796127  1.010051
5921.50346755981  0.9983631
5921.94242715836  0.9871052
5922.3813867569  0.9794858
5922.82034635544  0.9760966
5923.25930595398  0.9678566
5923.69826555252  0.9642829
5924.13722515106  0.9762776
5924.5761847496  0.9927684
5925.01514434815  1.006387
5925.45410394669  1.002268
5925.89306354523  1.003992
5926.33202314377  1.0093
5926.77098274231  1.002834
5927.20994234085  0.998336
5927.64890193939  0.9864404
5928.08786153793  0.9878764
5928.52682113647  0.9922024
5928.96578073502  0.97962
5929.40474033356  0.960817
5929.8436999321  0.9491277
5930.28265953064  0.9604126
5930.72161912918  0.9776417
5931.16057872772  0.986882
5931.59953832626  0.9841838
5932.03849792481  0.9961842
5932.47745752335  1.011109
5932.91641712189  1.018102
5933.35537672043  1.005184
5933.79433631897  0.9766353
5934.23329591751  0.9581116
5934.67225551605  0.9685364
5935.11121511459  0.9874883
5935.55017471314  1.001584
5935.98913431168  1.007931
5936.42809391022  1.015543
5936.86705350876  1.008267
5937.3060131073  1.00033
5937.74497270584  0.9985124
5938.18393230438  1.006599
5938.62289190292  1.010503
5939.06185150147  1.013847
5939.50081110001  1.012719
5939.93977069855  0.9938445
5940.37873029709  0.9762645
5940.81768989563  0.9593491
5941.25664949417  0.9539298
5941.69560909271  0.9577929
5942.13456869125  0.9607952
5942.57352828979  0.9731742
5943.01248788834  0.992916
5943.45144748688  1.004644
5943.89040708542  1.003303
5944.32936668396  0.9936684
5944.7683262825  0.9798098
5945.20728588104  0.9821017
5945.64624547958  0.9835596
5946.08520507813  0.9877763
5946.52416467667  0.9785034
5946.96312427521  0.9751562
5947.40208387375  0.9730592
5947.84104347229  0.964325
5948.28000307083  0.9464058
5948.71896266937  0.9402441
5949.15792226791  0.9499917
5949.59688186646  0.9742986
5950.035841465  0.9863091
5950.47480106354  0.9939716
5950.91376066208  0.9867983
5951.35272026062  0.9778776
5951.79167985916  0.9722745
5952.2306394577  0.9730576
5952.66959905624  0.9911731
5953.10855865479  1.011774
5953.54751825333  1.014119
5953.98647785187  1.009047
5954.42543745041  0.9982235
5954.86439704895  0.9864917
5955.30335664749  0.9897415
5955.74231624603  0.9889174
5956.18127584457  0.9808883
5956.62023544312  0.9804667
5957.05919504166  0.9838386
5957.4981546402  0.9793407
5957.93711423874  0.9637772
5958.37607383728  0.965536
5958.81503343582  0.9804093
5959.25399303436  0.9891307
5959.69295263291  0.997721
5960.13191223145  1.00437
5960.57087182999  1.005381
5961.00983142853  1.004058
5961.44879102707  1.00222
5961.88775062561  0.9929886
5962.32671022415  0.9976377
5962.76566982269  0.9959627
5963.20462942124  1.002722
5963.64358901978  1.007038
5964.08254861832  1.008625
5964.52150821686  1.00523
5964.9604678154  1.001174
5965.39942741394  0.9914997
5965.83838701248  0.9863569
5966.27734661102  0.9825361
5966.71630620956  0.9822675
5967.15526580811  0.9809621
5967.59422540665  0.9683728
5968.03318500519  0.962936
5968.47214460373  0.9822145
5968.91110420227  0.9937741
5969.35006380081  0.9924523
5969.78902339935  0.9984413
5970.22798299789  1.003112
5970.66694259644  0.9993198
5971.10590219498  0.9882573
5971.54486179352  0.9901022
5971.98382139206  1.000386
5972.4227809906  1.005283
5972.86174058914  1.006731
5973.30070018768  1.007713
5973.73965978622  1.006298
5974.17861938477  0.9982285
5974.61757898331  0.9800788
5975.05653858185  0.9681969
5975.49549818039  0.9719719
5975.93445777893  0.9761217
5976.37341737747  0.9742184
5976.81237697601  0.9818431
5977.25133657456  0.9864534
5977.6902961731  0.9791873
5978.12925577164  0.9818672
5978.56821537018  0.9901626
5979.00717496872  0.9956463
5979.44613456726  1.003568
5979.8850941658  1.004043
5980.32405376434  0.9952138
5980.76301336288  1.000401
5981.20197296143  1.002868
5981.64093255997  1.001868
5982.07989215851  0.9952654
5982.51885175705  0.9983842
5982.95781135559  0.9844659
5983.39677095413  0.9650106
5983.83573055267  0.9566868
5984.27469015122  0.951061
5984.71364974976  0.9525159
5985.1526093483  0.9711678
5985.59156894684  0.993801
5986.03052854538  0.9941182
5986.46948814392  0.9805996
5986.90844774246  0.9707943
5987.347407341  0.9790531
5987.78636693955  0.9943615
5988.22532653809  0.9943256
5988.66428613663  0.992787
5989.10324573517  0.9958671
5989.54220533371  0.9953238
5989.98116493225  0.9944634
5990.42012453079  0.9831916
5990.85908412933  0.9786831
5991.29804372788  0.9744189
5991.73700332642  0.9831896
5992.17596292496  0.9938984
5992.6149225235  1.004532
5993.05388212204  0.9982641
5993.49284172058  0.9912107
5993.93180131912  0.9954101
5994.37076091766  0.9980602
5994.80972051621  1.007125
5995.24868011475  1.005961
5995.68763971329  0.999641
5996.12659931183  0.9958055
5996.56555891037  0.9845505
5997.00451850891  0.9748021
5997.44347810745  0.9774787
5997.88243770599  0.9853639
5998.32139730454  0.9922473
5998.76035690308  0.9950362
5999.19931650162  0.9959432
5999.63827610016  0.9963164
6000.0772356987  1.000494
6000.51619529724  1.002771
6000.95515489578  1.000453
6001.39411449432  0.9996407
6001.83307409287  0.9885362
6002.27203369141  0.9606142
6002.71099328995  0.952893
6003.14995288849  0.9785141
6003.58891248703  1.003552
6004.02787208557  1.01232
6004.46683168411  0.9971648
6004.90579128265  0.9878027
6005.34475088119  0.9870451
6005.78371047974  0.9969881
6006.22267007828  1.002861
6006.66162967682  0.9950341
6007.10058927536  0.9754506
6007.5395488739  0.9513798
6007.97850847244  0.9387081
6008.41746807098  0.9484341
6008.85642766953  0.9770667
6009.29538726807  0.9944566
6009.73434686661  1.006152
6010.17330646515  1.011023
6010.61226606369  1.011199
6011.05122566223  1.006847
6011.49018526077  1.00408
6011.92914485931  0.9967349
6012.36810445786  0.9862261
6012.8070640564  0.9744344
6013.24602365494  0.9690023
6013.68498325348  0.9791397
6014.12394285202  0.9928372
6014.56290245056  1.005561
6015.0018620491  0.9952848
6015.44082164764  0.9916426
6015.87978124619  0.9823332
6016.31874084473  0.9719488
6016.75770044327  0.9800584
6017.19666004181  1.000298
6017.63561964035  1.01173
6018.07457923889  1.013427
6018.51353883743  1.003783
6018.95249843597  0.9810058
6019.39145803452  0.9575347
6019.83041763306  0.9463351
6020.2693772316  0.9601818
6020.70833683014  0.9824768
6021.14729642868  0.9817408
6021.58625602722  0.9787499
6022.02521562576  0.9825591
6022.46417522431  0.9980848
6022.90313482285  0.9898735
6023.34209442139  0.9587365
6023.78105401993  0.9404562
6024.22001361847  0.9566067
6024.65897321701  0.9848884
6025.09793281555  1.004144
6025.53689241409  1.002693
6025.97585201263  0.9932902
6026.41481161118  0.9773462
6026.85377120972  0.9704697
6027.29273080826  0.9783597
6027.7316904068  0.9935656
6028.17065000534  1.000711
6028.60960960388  0.9971071
6029.04856920242  0.9922682
6029.48752880096  0.9906505
6029.92648839951  0.9968893
6030.36544799805  0.997198
6030.80440759659  0.9965398
6031.24336719513  1.002893
6031.68232679367  1.000031
6032.12128639221  0.9983344
6032.56024599075  1.003207
6032.9992055893  1.008016
6033.43816518784  1.008302
6033.87712478638  1.008541
6034.31608438492  1.006252
6034.75504398346  1.004163
6035.194003582  1.001859
6035.63296318054  0.9997377
6036.07192277908  0.9985301
6036.51088237763  1.000142
6036.94984197617  0.9961784
6037.38880157471  0.9987035
6037.82776117325  1.001678
6038.26672077179  1.003471
6038.70568037033  1.001514
6039.14463996887  0.9989847
6039.58359956741  1.004575
6040.02255916596  1.00759
6040.4615187645  1.006382
6040.90047836304  1.000329
6041.33943796158  0.9827118
6041.77839756012  0.9756993
6042.21735715866  0.9804736
6042.6563167572  0.9951589
6043.09527635574  1.005507
6043.53423595428  1.001857
6043.97319555283  1.004982
6044.41215515137  1.001181
6044.85111474991  0.9946117
6045.29007434845  0.9953024
6045.72903394699  0.9922485
6046.16799354553  0.9960633
6046.60695314407  1.001544
6047.04591274262  1.008262
6047.48487234116  1.00692
6047.9238319397  0.9991915
6048.36279153824  0.9969526
6048.80175113678  0.9974284
6049.24071073532  0.9997772
6049.67967033386  1.00671
6050.1186299324  1.00201
6050.55758953095  0.9991612
6050.99654912949  0.9955904
6051.43550872803  1.001684
6051.87446832657  1.000808
6052.31342792511  0.9900911
6052.75238752365  0.9935924
6053.19134712219  0.9956306
6053.63030672073  0.9961014
6054.06926631928  1.003291
6054.50822591782  0.9980967
6054.94718551636  0.983654
6055.3861451149  0.969039
6055.82510471344  0.9643584
6056.26406431198  0.9795813
6056.70302391052  0.9979614
6057.14198350907  1.000234
6057.58094310761  1.00498
6058.01990270615  1.004896
6058.45886230469  1.005762
6058.89782190323  1.001523
6059.33678150177  0.9987847
6059.77574110031  1.001355
6060.21470069885  1.006243
6060.65366029739  1.00039
6061.09261989594  0.9994261
6061.53157949448  1.0049
6061.97053909302  1.002324
6062.40949869156  0.9976892
6062.8484582901  1.000083
6063.28741788864  1.002604
6063.72637748718  1.006788
6064.16533708572  0.9914971
6064.60429668427  0.9682251
6065.04325628281  0.9427183
6065.48221588135  0.948256
6065.92117547989  0.9771115
6066.36013507843  1.003479
6066.79909467697  1.007885
6067.23805427551  1.006555
6067.67701387405  1.00145
6068.1159734726  0.997775
6068.55493307114  1.004085
6068.99389266968  1.006141
6069.43285226822  0.9994597
6069.87181186676  0.9987931
6070.3107714653  1.002926
6070.74973106384  0.9966806
6071.18869066238  0.9967204
6071.62765026093  1.000108
6072.06660985947  1.001636
6072.50556945801  1.001543
6072.94452905655  1.001299
6073.38348865509  1.000792
6073.82244825363  1.002121
6074.26140785217  1.007936
6074.70036745071  1.010436
6075.13932704926  1.005124
6075.5782866478  1.005741
6076.01724624634  1.002984
6076.45620584488  1.000593
6076.89516544342  0.9950361
6077.33412504196  0.9875326
6077.7730846405  0.9757565
6078.21204423904  0.9583792
6078.65100383759  0.9583731
6079.08996343613  0.9791021
6079.52892303467  1.000216
6079.96788263321  1.004487
6080.40684223175  1.003416
6080.84580183029  0.997958
6081.28476142883  0.9978134
6081.72372102738  0.9957629
6082.16268062592  0.9956173
6082.60164022446  0.999207
6083.040599823  0.9999938
6083.47955942154  0.9996355
6083.91851902008  0.9929312
6084.35747861862  0.996151
6084.79643821716  0.9940896
6085.2353978157  0.9873938
6085.67435741425  0.9882383
6086.11331701279  0.9897568
6086.55227661133  0.9963441
6086.99123620987  0.9968336
6087.43019580841  1.003515
6087.86915540695  1.002071
6088.30811500549  1.006265
6088.74707460404  1.000244
6089.18603420258  0.9925423
6089.62499380112  0.9920821
6090.06395339966  0.9939348
6090.5029129982  0.9938809
6090.94187259674  0.9961193
6091.38083219528  0.99298
6091.81979179382  0.9950909
6092.25875139236  0.9942862
6092.69771099091  0.9977086
6093.13667058945  0.9977515
6093.57563018799  0.9975438
6094.01458978653  1.000302
6094.45354938507  1.008626
6094.89250898361  1.008939
6095.33146858215  1.003616
6095.7704281807  1.004556
6096.20938777924  0.9969607
6096.64834737778  0.9997476
6097.08730697632  1.001918
6097.52626657486  1.003535
6097.9652261734  0.9966998
6098.40418577194  0.9999902
6098.84314537048  1.004337
6099.28210496903  1.010556
6099.72106456757  1.014969
6100.16002416611  1.013417
6100.59898376465  1.004165
6101.03794336319  0.9988532
6101.47690296173  0.9591811
6101.91586256027  0.9174229
6102.35482215881  0.8929558
6102.79378175735  0.9029611
6103.2327413559  0.95047
6103.67170095444  1.000196
6104.11066055298  1.017355
6104.54962015152  1.013245
6104.98857975006  1.009593
6105.4275393486  1.00414
6105.86649894714  1.004879
6106.30545854568  0.9990988
6106.74441814423  1.004278
6107.18337774277  0.9993927
6107.62233734131  0.9871374
6108.06129693985  0.9868379
6108.50025653839  1.000583
6108.93921613693  1.003402
6109.37817573547  1.012851
6109.81713533402  1.010924
6110.25609493256  0.9979439
6110.6950545311  0.9898158
6111.13401412964  0.9917856
6111.57297372818  0.9985319
6112.01193332672  1.002377
6112.45089292526  0.998719
6112.8898525238  0.9947295
6113.32881212235  1.003593
6113.76777172089  1.005667
6114.20673131943  1.009809
6114.64569091797  1.010684
6115.08465051651  0.995068
6115.52361011505  0.9917412
6115.96256971359  0.9854051
6116.40152931213  0.9905559
6116.84048891068  1.001455
6117.27944850922  1.006553
6117.71840810776  1.004704
6118.1573677063  1.008999
6118.59632730484  1.003906
6119.03528690338  0.9981586
6119.47424650192  1.00611
6119.91320610047  1.011974
6120.35216569901  1.014371
6120.79112529755  0.996635
6121.23008489609  0.9554181
6121.66904449463  0.9130217
6122.10800409317  0.9056556
6122.54696369171  0.9511337
6122.98592329025  0.9868618
6123.42488288879  1.008932
6123.86384248734  1.010229
6124.30280208588  1.002507
6124.74176168442  0.9928773
6125.18072128296  0.9942482
6125.6196808815  1.005176
6126.05864048004  1.001841
6126.49760007858  1.002367
6126.93655967712  0.9986632
6127.37551927567  0.9898805
6127.81447887421  0.9916142
6128.25343847275  0.9981788
6128.69239807129  0.9978213
6129.13135766983  1.001156
6129.57031726837  0.9953608
6130.00927686691  1.002207
6130.44823646545  1.003129
6130.887196064  0.9924519
6131.32615566254  0.9888331
6131.76511526108  0.9920421
6132.20407485962  0.996172
6132.64303445816  1.009432
6133.0819940567  1.009794
6133.52095365524  1.009196
6133.95991325379  1.01147
6134.39887285233  1.011481
6134.83783245087  1.008503
6135.27679204941  0.9918059
6135.71575164795  0.9620016
6136.15471124649  0.9280738
6136.59367084503  0.9038329
6137.03263044357  0.9045398
6137.47159004211  0.9164817
6137.91054964066  0.9553424
6138.3495092392  0.9901488
6138.78846883774  1.008507
6139.22742843628  1.011533
6139.66638803482  1.011582
6140.10534763336  1.006454
6140.5443072319  0.9846432
6140.98326683044  0.9368888
6141.42222642899  0.9078438
6141.86118602753  0.9228078
6142.30014562607  0.9594511
6142.73910522461  0.9932703
6143.17806482315  1.00895
6143.61702442169  1.008843
6144.05598402023  1.008566
6144.49494361878  0.9997196
6144.93390321732  0.9965755
6145.37286281586  0.99868
6145.8118224144  1.00407
6146.25078201294  1.005261
6146.68974161148  0.9982154
6147.12870121002  0.9784008
6147.56766080856  0.969289
6148.0066204071  0.9772544
6148.44558000565  0.9849978
6148.88453960419  0.9854513
6149.32349920273  0.9831421
6149.76245880127  0.9939944
6150.20141839981  1.007226
6150.64037799835  1.01133
6151.07933759689  1.001262
6151.51829719544  0.9949737
6151.95725679398  0.9968524
6152.39621639252  1.010064
6152.83517599106  1.014035
6153.2741355896  1.011155
6153.71309518814  0.9922085
6154.15205478668  0.9758872
6154.59101438522  0.9655758
6155.02997398376  0.9650689
6155.46893358231  0.9830943
6155.90789318085  0.9971251
6156.34685277939  1.003494
6156.78581237793  0.9934206
6157.22477197647  0.9810085
6157.66373157501  0.9797301
6158.10269117355  0.9892223
6158.5416507721  1.002747
6158.98061037064  1.008799
6159.41956996918  1.00975
6159.85852956772  1.003707
6160.29748916626  0.9854167
6160.7364487648  0.9546527
6161.17540836334  0.9242765
6161.61436796188  0.8881337
6162.05332756042  0.8873473
6162.49228715897  0.9272797
6162.93124675751  0.9540136
6163.37020635605  0.9646861
6163.80916595459  0.9844003
6164.24812555313  0.9987815
6164.68708515167  0.9993068
6165.12604475021  0.9912336
6165.56500434876  0.9816191
6166.0039639473  0.9737738
6166.44292354584  0.9803641
6166.88188314438  1.000873
6167.32084274292  0.9988582
6167.75980234146  0.9964522
6168.19876194  0.9641619
6168.63772153854  0.9264938
6169.07668113709  0.9082493
6169.51564073563  0.9161563
6169.95460033417  0.9497378
6170.39355993271  0.9866637
6170.83251953125  1.003672
6171.27147912979  1.006208
6171.71043872833  0.9988818
6172.14939832688  0.9886479
6172.58835792542  0.9779434
6173.02731752396  0.9765367
6173.4662771225  0.9839771
6173.90523672104  0.9993316
6174.34419631958  1.002189
6174.78315591812  0.988907
6175.22211551666  0.9839885
6175.66107511521  0.9862309
6176.10003471375  0.989092
6176.53899431229  0.9803643
6176.97795391083  0.9844887
6177.41691350937  1.000125
6177.85587310791  1.006108
6178.29483270645  1.001909
6178.733792305  1.003904
6179.17275190353  0.9993027
6179.61171150208  0.9862539
6180.05067110062  0.9794782
6180.48963069916  0.984924
6180.9285902977  0.9969404
6181.36754989624  1.001263
6181.80650949478  0.9997479
6182.24546909332  0.998806
6182.68442869187  0.9976507
6183.12338829041  0.9955446
6183.56234788895  1.0053
6184.00130748749  1.009638
6184.44026708603  1.005556
6184.87922668457  1.003243
6185.31818628311  0.9945928
6185.75714588165  0.9887115
6186.1961054802  0.9876454
6186.63506507874  0.9951998
6187.07402467728  0.9970734
6187.51298427582  0.9951029
6187.95194387436  0.9964677
6188.3909034729  1.004604
6188.82986307144  1.007026
6189.26882266998  1.013343
6189.70778226853  1.007401
6190.14674186707  0.9873089
6190.58570146561  0.9470662
6191.02466106415  0.9197752
6191.46362066269  0.9262582
6191.90258026123  0.9695741
6192.34153985977  1.006827
6192.78049945831  1.016404
6193.21945905686  1.010232
6193.6584186554  0.9991986
6194.09737825394  0.9939864
6194.53633785248  0.9908297
6194.97529745102  0.9912205
6195.41425704956  0.9977991
6195.8532166481  1.004356
6196.29217624665  1.002979
6196.73113584519  1.005429
6197.17009544373  1.000182
6197.60905504227  1.006784
6198.04801464081  1.002769
6198.48697423935  1.005663
6198.92593383789  0.9950889
6199.36489343643  0.9879692
6199.80385303497  0.9734462
6200.24281263352  0.969236
6200.68177223206  0.9811687
6201.1207318306  0.9953337
6201.55969142914  1.004759
6201.99865102768  1.010403
6202.43761062622  1.018033
6202.87657022476  1.014353
6203.31552982331  0.9996249
6203.75448942185  0.9953914
6204.19344902039  0.9963449
6204.63240861893  0.9936274
6205.07136821747  0.9974529
6205.51032781601  1.007698
6205.94928741455  1.008351
6206.38824701309  1.008363
6206.82720661163  1.005659
6207.26616621018  1.001574
6207.70512580872  0.9951351
6208.14408540726  0.9986248
6208.5830450058  1.001791
6209.02200460434  1.006884
6209.46096420288  1.00354
6209.89992380142  1.000952
6210.33888339997  0.9994525
6210.77784299851  1.00126
6211.21680259705  1.007429
6211.65576219559  1.001989
6212.09472179413  1.003721
6212.53368139267  0.9938351
6212.97264099121  0.98054
6213.41160058975  0.9698892
6213.85056018829  0.9785054
6214.28951978684  0.9821033
6214.72847938538  0.9739794
6215.16743898392  0.9745809
6215.60639858246  0.980866
6216.045358181  0.9938326
6216.48431777954  0.9988467
6216.92327737808  1.005488
6217.36223697663  1.00839
6217.80119657517  0.997233
6218.24015617371  0.9860938
6218.67911577225  0.9596795
6219.11807537079  0.9498166
6219.55703496933  0.960373
6219.99599456787  0.9797894
6220.43495416641  0.99053
6220.87391376496  1.001904
6221.3128733635  1.012846
6221.75183296204  1.017818
6222.19079256058  1.003582
6222.62975215912  0.9921659
6223.06871175766  0.9895486
6223.5076713562  0.9886794
6223.94663095474  0.9897019
6224.38559055328  0.9930205
6224.82455015183  0.9952192
6225.26350975037  0.9968781
6225.70246934891  0.9951607
6226.14142894745  0.9935715
6226.58038854599  0.995726
6227.01934814453  0.9995976
6227.45830774307  1.000625
6227.89726734162  1.000921
6228.33622694016  1.002994
6228.7751865387  0.9946108
6229.21414613724  0.9848914
6229.65310573578  0.9653074
6230.09206533432  0.9310443
6230.53102493286  0.923761
6230.9699845314  0.9474528
6231.40894412995  0.9782139
6231.84790372849  0.9696137
6232.28686332703  0.9524608
6232.72582292557  0.9569082
6233.16478252411  0.974866
6233.60374212265  1.004946
6234.04270172119  1.009036
6234.48166131973  0.9983178
6234.92062091828  0.9998631
6235.35958051682  1.017296
6235.79854011536  1.022604
6236.2374997139  1.002862
6236.67645931244  0.9750887
6237.11541891098  0.9609858
6237.55437850952  0.9565126
6237.99333810806  0.9580323
6238.4322977066  0.9650552
6238.87125730515  0.9725268
6239.31021690369  0.9874259
6239.74917650223  0.9885072
6240.18813610077  0.9863446
6240.62709569931  0.9831775
6241.06605529785  0.9991214
6241.5050148964  1.008947
6241.94397449494  0.9994622
6242.38293409348  0.9902588
6242.82189369202  0.9920617
6243.26085329056  0.9840918
6243.6998128891  0.9826314
6244.13877248764  0.980338
6244.57773208618  0.980771
6245.01669168472  0.9752628
6245.45565128327  0.955699
6245.89461088181  0.9345201
6246.33357048035  0.936402
6246.77253007889  0.9554154
6247.21148967743  0.9679247
6247.65044927597  0.9824411
6248.08940887451  0.9963186
6248.52836847305  0.9957367
6248.9673280716  0.9963075
6249.40628767014  1.003443
6249.84524726868  1.008269
6250.28420686722  1.014066
6250.72316646576  1.011654
6251.1621260643  0.998612
6251.60108566284  0.9754317
6252.04004526139  0.9517047
6252.47900485993  0.9479343
6252.91796445847  0.9654251
6253.35692405701  0.9651883
6253.79588365555  0.9472617
6254.23484325409  0.9543937
6254.67380285263  0.9771291
6255.11276245117  0.9781821
6255.55172204972  0.9563178
6255.99068164826  0.9464369
6256.4296412468  0.9600713
6256.86860084534  0.9912463
6257.30756044388  1.022255
6257.74652004242  1.026487
6258.18547964096  1.000647
6258.6244392395  0.9786587
6259.06339883805  0.9723889
6259.50235843659  0.9796813
6259.94131803513  0.9867995
6260.38027763367  0.9883088
6260.81923723221  0.9905858
6261.25819683075  0.998464
6261.69715642929  1.003082
6262.13611602783  1.005462
6262.57507562637  1.00611
6263.01403522492  1.005882
6263.45299482346  1.000408
6263.891954422  0.9869138
6264.33091402054  0.9876186
6264.76987361908  0.9927866
6265.20883321762  1.001788
6265.64779281616  1.004946
6266.08675241471  0.9989805
6266.52571201325  1.001681
6266.96467161179  0.9966168
6267.40363121033  1.00755
6267.84259080887  1.014487
6268.28155040741  1.018731
6268.72051000595  1.016076
6269.15946960449  1.001188
6269.59842920303  0.9924851
6270.03738880158  0.9888262
6270.47634840012  0.9900545
6270.91530799866  0.9971969
6271.3542675972  1.003803
6271.79322719574  1.004868
6272.23218679428  0.9983559
6272.67114639282  1.004387
6273.11010599137  1.006532
6273.54906558991  1.005829
6273.98802518845  1.005766
6274.42698478699  1.013571
6274.86594438553  1.018881
6275.30490398407  1.016653
6275.74386358261  1.005814
6276.18282318115  0.9624079
6276.62178277969  0.91232
6277.06074237824  0.876472
6277.49970197678  0.871508
6277.93866157532  0.8910477
6278.37762117386  0.9157912
6278.8165807724  0.9242468
6279.25554037094  0.9229373
6279.69449996948  0.9256783
6280.13345956803  0.9322789
6280.57241916657  0.9401652
6281.01137876511  0.9579049
6281.45033836365  0.9652258
6281.88929796219  0.9650447
6282.32825756073  0.968215
6282.76721715927  0.9801335
6283.20617675781  0.9861424
6283.64513635636  0.9861402
6284.0840959549  0.995577
6284.52305555344  0.9929202
6284.96201515198  0.9859768
6285.40097475052  0.9772538
6285.83993434906  0.9766803
6286.2788939476  1.000944
6286.71785354614  1.02207
6287.15681314469  1.032237
6287.59577274323  1.024078
6288.03473234177  1.001635
6288.47369194031  0.9870178
6288.91265153885  0.9823855
6289.35161113739  0.9850622
6289.79057073593  0.9735356
6290.22953033447  0.971483
6290.66848993302  0.9759098
6291.10744953156  0.9874192
6291.5464091301  0.9903828
6291.98536872864  0.9768537
6292.42432832718  0.9704338
6292.86328792572  0.9770865
6293.30224752426  0.9961717
6293.7412071228  1.01453
6294.18016672135  1.010547
6294.61912631989  0.9868265
6295.05808591843  0.9686114
6295.49704551697  0.9642245
6295.93600511551  0.9729154
6296.37496471405  0.9824891
6296.81392431259  0.9751866
6297.25288391113  0.9048843
6297.69184350968  0.816966
6298.13080310822  0.7210646
6298.56976270676  0.7445424
6299.0087223053  0.8232359
6299.44768190384  0.9601543
6299.88664150238  0.9926146
6300.32560110092  1.006983
6300.76456069946  0.9630525
6301.203520298  0.8120285
6301.64247989655  0.6993749
6302.08143949509  0.7779295
6302.52039909363  0.8901506
6302.95935869217  0.9705001
6303.39831829071  1.009506
6303.83727788925  1.015862
6304.27623748779  1.00195
6304.71519708634  0.9832581
6305.15415668488  0.9714423
6305.59311628342  0.9704968
6306.03207588196  0.9916834
6306.4710354805  1.023502
6306.90999507904  1.040061
6307.34895467758  1.021493
6307.78791427612  0.9939167
6308.22687387467  0.9907812
6308.66583347321  0.9936469
6309.10479307175  0.9943404
6309.54375267029  0.9912207
6309.98271226883  0.9841831
6310.42167186737  0.9819194
6310.86063146591  0.9869192
6311.29959106445  0.998629
6311.738550663  1.00907
6312.17751026154  1.010928
6312.61646986008  1.022458
6313.05542945862  1.023145
6313.49438905716  1.009793
6313.9333486557  0.9846404
6314.37230825424  0.9555828
6314.81126785279  0.9518214
6315.25022745133  0.9678313
6315.68918704987  0.995992
6316.12814664841  1.00775
6316.56710624695  1.005911
6317.00606584549  0.9890921
6317.44502544403  0.9593607
6317.88398504257  0.9462125
6318.32294464112  0.9528612
6318.76190423966  0.9663211
6319.2008638382  0.9795696
6319.63982343674  0.98538
6320.07878303528  1.00369
6320.51774263382  1.020145
6320.95670223236  1.033519
6321.3956618309  1.020148
6321.83462142944  0.9981294
6322.27358102799  0.9735979
6322.71254062653  0.9805197
6323.15150022507  0.9907861
6323.59045982361  0.9971246
6324.02941942215  1.004311
6324.46837902069  1.00453
6324.90733861923  1.012281
6325.34629821777  1.01476
6325.78525781632  1.013677
6326.22421741486  1.013021
6326.6631770134  1.001317
6327.10213661194  0.9930702
6327.54109621048  0.9874608
6327.98005580902  0.9860653
6328.41901540756  0.9909287
6328.85797500611  1.003291
6329.29693460465  1.031941
6329.73589420319  1.033494
6330.17485380173  1.010965
6330.61381340027  0.9878434
6331.05277299881  0.9822084
6331.49173259735  0.9852017
6331.93069219589  0.9929522
6332.36965179444  1.006275
6332.80861139298  1.016889
6333.24757099152  1.018032
6333.68653059006  1.015908
6334.1254901886  0.99975
6334.56444978714  0.9756091
6335.00340938568  0.9612644
6335.44236898422  0.9658533
6335.88132858277  0.9648851
6336.32028818131  0.9561074
6336.75924777985  0.960841
6337.19820737839  0.990961
6337.63716697693  1.006824
6338.07612657547  0.9985711
6338.51508617401  0.9842222
6338.95404577255  0.9866651
6339.3930053711  0.999136
6339.83196496964  1.009404
6340.27092456818  1.011347
6340.70988416672  1.006797
6341.14884376526  1.00954
6341.5878033638  1.000682
6342.02676296234  0.9934764
6342.46572256088  0.9889028
6342.90468215943  0.99399
6343.34364175797  0.9872386
6343.78260135651  0.9767656
6344.22156095505  0.9890151
6344.66052055359  1.002348
6345.09948015213  1.004519
6345.53843975067  1.000329
6345.97739934921  0.9852257
6346.41635894776  0.9552212
6346.8553185463  0.9465994
6347.29427814484  0.9658871
6347.73323774338  1.000502
6348.17219734192  1.021081
6348.61115694046  1.023507
6349.050116539  1.00665
6349.48907613754  0.9958178
6349.92803573609  0.9969956
6350.36699533463  0.9983081
6350.80595493317  0.9961518
6351.24491453171  1.002695
6351.68387413025  0.9987297
6352.12283372879  1.000447
6352.56179332733  1.004711
6353.00075292588  1.004007
6353.43971252442  0.9952326
6353.87867212296  0.9859244
6354.3176317215  0.9725135
6354.75659132004  0.9623477
6355.19555091858  0.977636
6355.63451051712  1.013074
6356.07347011566  1.023595
6356.5124297142  1.019149
6356.95138931275  1.000542
6357.39034891129  0.9830208
6357.82930850983  0.9709235
6358.26826810837  0.967675
6358.70722770691  0.9755275
6359.14618730545  0.986922
6359.58514690399  0.9980487
6360.02410650253  0.9947976
6360.46306610108  0.9760369
6360.90202569962  0.9419019
6361.34098529816  0.8984267
6361.7799448967  0.8715371
6362.21890449524  0.8898453
6362.65786409378  0.934164
6363.09682369232  0.9686912
6363.53578329086  0.9732121
6363.97474288941  0.9909117
6364.41370248795  0.9577199
6364.85266208649  0.908192
6365.29162168503  0.9225522
6365.73058128357  0.957936
6366.16954088211  0.9863292
6366.60850048065  1.003095
6367.04746007919  1.000832
6367.48641967774  1.0011
6367.92537927628  0.9992073
6368.36433887482  0.9941614
6368.80329847336  0.9893663
6369.2422580719  0.9901281
6369.68121767044  0.9924856
6370.12017726898  0.9947901
6370.55913686752  0.9814476
6370.99809646607  0.9657094
6371.43705606461  0.9728404
6371.87601566315  0.9851041
6372.31497526169  1.000681
6372.75393486023  1.005607
6373.19289445877  1.003167
6373.63185405731  1.002514
6374.07081365585  1.001187
6374.5097732544  1.0022
6374.94873285294  1.003988
6375.38769245148  0.9982762
6375.82665205002  1.004116
6376.26561164856  0.9982966
6376.7045712471  1.001412
6377.14353084564  1.001575
6377.58249044419  0.9887205
6378.02145004273  0.9877011
6378.46040964127  1.002214
6378.89936923981  1.015023
6379.33832883835  1.011868
6379.77728843689  0.9988294
6380.21624803543  0.9812487
6380.65520763397  0.9771162
6381.09416723251  0.9852806
6381.53312683106  0.9995163
6381.9720864296  1.004034
6382.41104602814  0.9950745
6382.85000562668  0.991858
6383.28896522522  0.9919125
6383.72792482376  0.9922554
6384.1668844223  0.989215
6384.60584402085  0.9836599
6385.04480361939  0.9836533
6385.48376321793  1.00237
6385.92272281647  1.019911
6386.36168241501  1.02071
6386.80064201355  1.010686
6387.23960161209  1.001149
6387.67856121063  0.9980193
6388.11752080918  1.0028
6388.55648040772  0.9985138
6388.99544000626  0.9991757
6389.4343996048  1.00027
6389.87335920334  1.004235
6390.31231880188  1.006268
6390.75127840042  1.004625
6391.19023799896  1.005347
6391.62919759751  1.00317
6392.06815719605  1.000884
6392.50711679459  0.9801878
6392.94607639313  0.9429609
6393.38503599167  0.9354807
6393.82399559021  0.9536316
6394.26295518875  0.9828354
6394.70191478729  1.001013
6395.14087438584  1.001353
6395.57983398438  1.004943
6396.01879358292  1.006476
6396.45775318146  1.000237
6396.89671278  1.00095
6397.33567237854  1.010095
6397.77463197708  1.009726
6398.21359157562  1.008602
6398.65255117416  0.9921544
6399.09151077271  0.9545351
6399.53047037125  0.9189781
6399.96942996979  0.9139579
6400.40838956833  0.9536998
6400.84734916687  1.00021
6401.28630876541  1.01345
6401.72526836395  1.008291
6402.1642279625  0.9988788
6402.60318756104  1.002115
6403.04214715958  0.9990832
6403.48110675812  1.001076
6403.92006635666  1.005548
6404.3590259552  0.9995742
6404.79798555374  0.998719
6405.23694515228  1.000588
6405.67590475083  1.006528
6406.11486434937  1.002012
6406.55382394791  0.9847491
6406.99278354645  0.9677967
6407.43174314499  0.9496809
6407.87070274353  0.9489693
6408.30966234207  0.9758666
6408.74862194061  0.993043
6409.18758153916  1.010267
6409.6265411377  1.00182
6410.06550073624  1.003675
6410.50446033478  0.9771621
6410.94341993332  0.9437702
6411.38237953186  0.9370996
6411.8213391304  0.9574863
6412.26029872894  0.9862104
6412.69925832749  1.007787
6413.13821792603  1.013631
6413.57717752457  1.012017
6414.01613712311  1.0014
6414.45509672165  0.9854922
6414.89405632019  0.9811711
6415.33301591873  0.9852472
6415.77197551727  0.9943055
6416.21093511582  0.9851592
6416.64989471436  0.9772177
6417.0888543129  0.9777416
6417.52781391144  0.9956457
6417.96677350998  1.004819
6418.40573310852  1.002631
6418.84469270706  0.9831241
6419.2836523056  0.9692708
6419.72261190415  0.9666213
6420.16157150269  0.9756627
6420.60053110123  0.9591916
6421.03949069977  0.9462517
6421.47845029831  0.9574992
6421.91740989685  0.9919961
6422.35636949539  1.011725
6422.79532909393  1.013947
6423.23428869248  1.012433
6423.67324829102  1.002223
6424.11220788956  0.9934629
6424.5511674881  0.9992396
6424.99012708664  1.001511
6425.42908668518  0.997465
6425.86804628372  0.9949043
6426.30700588227  0.9956736
6426.74596548081  1.000268
6427.18492507935  0.9995648
6427.62388467789  1.000524
6428.06284427643  1.006761
6428.50180387497  1.005306
6428.94076347351  1.002407
6429.37972307205  0.9980175
6429.8186826706  0.977967
6430.25764226914  0.9478046
6430.69660186768  0.9409747
6431.13556146622  0.9691553
6431.57452106476  0.9870952
6432.0134806633  0.9845329
6432.45244026184  0.9782681
6432.89139986038  0.9796777
6433.33035945892  0.9979597
6433.76931905747  0.9989388
6434.20827865601  1.004735
6434.64723825455  1.002238
6435.08619785309  0.9957649
6435.52515745163  1.003835
6435.96411705017  0.9993494
6436.40307664871  1.003393
6436.84203624726  1.008931
6437.2809958458  1.000244
6437.71995544434  0.9882829
6438.15891504288  0.945479
6438.59787464142  0.9078863
6439.03683423996  0.9091303
6439.4757938385  0.9556887
6439.91475343704  0.9966533
6440.35371303559  1.007804
6440.79267263413  1.00155
6441.23163223267  0.9996958
6441.67059183121  1.000993
6442.10955142975  1.002091
6442.54851102829  1.000619
6442.98747062683  0.998806
6443.42643022537  0.9957192
6443.86538982392  1.00305
6444.30434942246  1.004018
6444.743309021  1.002651
6445.18226861954  0.9967604
6445.62122821808  0.9989694
6446.06018781662  0.9995133
6446.49914741516  1.002345
6446.9381070137  1.003455
6447.37706661225  1.003306
6447.81602621079  1.008674
6448.25498580933  0.9942697
6448.69394540787  0.9744384
6449.13290500641  0.9420997
6449.57186460495  0.9324813
6450.01082420349  0.9539258
6450.44978380203  0.9862198
6450.88874340057  0.9985779
6451.32770299912  1.000275
6451.76666259766  1.008688
6452.2056221962  1.008892
6452.64458179474  1.006235
6453.08354139328  1.002454
6453.52250099182  1.000049
6453.96146059036  1.001176
6454.40042018891  0.9950584
6454.83937978745  0.9807449
6455.27833938599  0.9578678
6455.71729898453  0.9404893
6456.15625858307  0.9342123
6456.59521818161  0.9482003
6457.03417778015  0.9769439
6457.47313737869  1.00321
6457.91209697723  1.010957
6458.35105657578  0.996133
6458.79001617432  0.9816689
6459.22897577286  0.9821345
6459.6679353714  0.9970993
6460.10689496994  0.9978322
6460.54585456848  0.9999204
6460.98481416703  0.993645
6461.42377376557  0.9584544
6461.86273336411  0.8963304
6462.30169296265  0.8742826
6462.74065256119  0.9138317
6463.17961215973  0.9716524
6463.61857175827  0.9946286
6464.05753135681  0.9801089
6464.49649095535  0.9753171
6464.9354505539  0.9914347
6465.37441015244  1.010702
6465.81336975098  1.020797
6466.25232934952  1.006168
6466.69128894806  0.9914508
6467.1302485466  0.9852345
6467.56920814514  0.9741829
6468.00816774369  0.9730651
6468.44712734223  0.9641482
6468.88608694077  0.9614801
6469.32504653931  0.9620462
6469.76400613785  0.9863973
6470.20296573639  1.0093
6470.64192533493  1.007974
6471.08088493347  0.9772024
6471.51984453201  0.9473024
6471.95880413056  0.9506352
6472.3977637291  0.9652296
6472.83672332764  0.9780946
6473.27568292618  0.9821175
6473.71464252472  0.9989909
6474.15360212326  0.9857334
6474.5925617218  0.9602981
6475.03152132034  0.930023
6475.47048091889  0.9240554
6475.90944051743  0.9478875
6476.34840011597  0.9813151
6476.78735971451  0.9877822
6477.22631931305  1.001082
6477.66527891159  1.010391
6478.10423851013  1.008787
6478.54319810868  0.9910221
6478.98215770722  0.9741884
6479.42111730576  0.9616033
6479.8600769043  0.962819
6480.29903650284  0.9834731
6480.73799610138  0.9914026
6481.17695569992  0.9782926
6481.61591529846  0.9793131
6482.054874897  0.9815326
6482.49383449555  0.9745865
6482.93279409409  0.9571747
6483.37175369263  0.945379
6483.81071329117  0.960768
6484.24967288971  0.9783891
6484.68863248825  0.989605
6485.12759208679  0.9994956
6485.56655168534  0.9964038
6486.00551128388  0.9884735
6486.44447088242  0.9858159
6486.88343048096  0.993293
6487.3223900795  0.9960688
6487.76134967804  0.9958056
6488.20030927658  0.9996627
6488.63926887512  0.9982365
6489.07822847366  1.001088
6489.51718807221  1.002626
6489.95614767075  0.9890108
6490.39510726929  0.9713451
6490.83406686783  0.9590601
6491.27302646637  0.9673964
6491.71198606491  0.9936211
6492.15094566345  0.9963384
6492.58990526199  0.9657266
6493.02886486054  0.9310021
6493.46782445908  0.9163313
6493.90678405762  0.9153285
6494.34574365616  0.9119573
6494.7847032547  0.9048027
6495.22366285324  0.913673
6495.66262245178  0.9069989
6496.10158205032  0.8782176
6496.54054164887  0.8697985
6496.97950124741  0.902467
6497.41846084595  0.9574844
6497.85742044449  1.004104
6498.29638004303  1.034419
6498.73533964157  1.010897
6499.17429924011  0.9702924
6499.61325883866  0.9390292
6500.0522184372  0.9627964
6500.49117803574  0.9875523
6500.93013763428  0.9944434
6501.36909723282  0.9974523
6501.80805683136  1.000085
6502.2470164299  0.9966573
6502.68597602844  0.9971182
6503.12493562699  0.9910174
6503.56389522553  0.9826683
6504.00285482407  0.9965935
6504.44181442261  1.014156
6504.88077402115  1.032341
6505.31973361969  1.022835
6505.75869321823  0.9980537
6506.19765281677  0.9944962
6506.63661241532  1.006151
6507.07557201386  1.013337
6507.5145316124  1.010572
6507.95349121094  0.9973994
6508.39245080948  0.9869526
6508.83141040802  0.9925426
6509.27037000656  1.005925
6509.70932960511  1.013524
6510.14828920364  1.012924
6510.58724880219  1.012318
6511.02620840073  1.011054
6511.46516799927  0.9971871
6511.90412759781  0.987229
6512.34308719635  0.9846355
6512.78204679489  1.005382
6513.22100639343  1.019249
6513.65996599198  1.007217
6514.09892559052  0.9878963
6514.53788518906  0.9701295
6514.9768447876  0.9716508
6515.41580438614  0.9604066
6515.85476398468  0.9329401
6516.29372358322  0.9251556
6516.73268318176  0.9443352
6517.17164278031  0.9730361
6517.61060237885  0.9790404
6518.04956197739  0.9717928
6518.48852157593  0.9660789
6518.92748117447  0.9687715
6519.36644077301  0.977513
6519.80540037155  0.9848467
6520.24435997009  1.003473
6520.68331956864  0.9970436
6521.12227916718  1.001875
6521.56123876572  1.013778
6522.00019836426  1.020327
6522.4391579628  1.016317
6522.87811756134  0.9979782
6523.31707715988  0.9696938
6523.75603675842  0.9692557
6524.19499635697  0.9863347
6524.63395595551  1.009237
6525.07291555405  1.01038
6525.51187515259  1.004698
6525.95083475113  0.992012
6526.38979434967  0.9841311
6526.82875394821  0.9813592
6527.26771354675  0.9918513
6527.7066731453  0.9981002
6528.14563274384  1.005536
6528.58459234238  1.008836
6529.02355194092  1.010577
6529.46251153946  1.00932
6529.901471138  1.004392
6530.34043073654  0.9871899
6530.77939033508  0.9784083
6531.21834993363  0.9745166
6531.65730953217  0.9785386
6532.09626913071  0.9804623
6532.53522872925  1.006282
6532.97418832779  1.025735
6533.41314792633  0.9989676
6533.85210752487  0.9568421
6534.29106712342  0.9616812
6534.73002672196  0.976176
6535.1689863205  0.9976138
6535.60794591904  1.009541
6536.04690551758  0.9937928
6536.48586511612  0.9904124
6536.92482471466  0.9994127
6537.3637843132  0.9979565
6537.80274391175  1.001255
6538.24170351029  0.9990661
6538.68066310883  1.000268
6539.11962270737  1.00325
6539.55858230591  0.9998105
6539.99754190445  1.003392
6540.43650150299  1.000448
6540.87546110153  0.9922799
6541.31442070007  0.9831674
6541.75338029862  0.9764012
6542.19233989716  0.9689161
6542.6312994957  0.9775091
6543.07025909424  0.9807958
6543.50921869278  0.9835693
6543.94817829132  0.9875698
6544.38713788986  0.9920722
6544.82609748841  0.9851066
6545.26505708695  0.9610561
6545.70401668549  0.931646
6546.14297628403  0.9318078
6546.58193588257  0.9576787
6547.02089548111  0.9769529
6547.45985507965  0.9685399
6547.89881467819  0.9552106
6548.33777427674  0.9501503
6548.77673387528  0.9619581
6549.21569347382  0.9683602
6549.65465307236  0.9794587
6550.0936126709  0.9781442
6550.53257226944  0.9724836
6550.97153186798  0.9579369
6551.41049146652  0.9337587
6551.84945106506  0.9145517
6552.28841066361  0.9099981
6552.72737026215  0.9395903
6553.16632986069  0.983584
6553.60528945923  0.9885761
6554.04424905777  0.9518925
6554.48320865631  0.9024721
6554.92216825485  0.8879602
6555.3611278534  0.8957114
6555.80008745194  0.9059816
6556.23904705048  0.9100215
6556.67800664902  0.8988203
6557.11696624756  0.8951125
6557.5559258461  0.8847008
6557.99488544464  0.8775539
6558.43384504318  0.8673729
6558.87280464172  0.8510682
6559.31176424027  0.8274216
6559.75072383881  0.807526
6560.18968343735  0.7770922
6560.62864303589  0.7425247
6561.06760263443  0.6893132
6561.50656223297  0.6071083
6561.94552183151  0.5162726
6562.38448143006  0.4699456
6562.8234410286  0.4872969
6563.26240062714  0.5534104
6563.70136022568  0.6319354
6564.14031982422  0.7036995
6564.57927942276  0.7570761
6565.0182390213  0.8049713
6565.45719861984  0.8283889
6565.89615821839  0.8372158
6566.33511781693  0.8517076
6566.77407741547  0.87198
6567.21303701401  0.8801962
6567.65199661255  0.8951868
6568.09095621109  0.905102
6568.52991580963  0.9045722
6568.96887540817  0.8944893
6569.40783500671  0.8946765
6569.84679460526  0.9165841
6570.2857542038  0.9297104
6570.72471380234  0.9407604
6571.16367340088  0.9400718
6571.60263299942  0.9347944
6572.04159259796  0.9329914
6572.48055219651  0.9424762
6572.91951179505  0.9573817
6573.35847139359  0.9621455
6573.79743099213  0.9491794
6574.23639059067  0.9279177
6574.67535018921  0.909565
6575.11430978775  0.9195479
6575.55326938629  0.9427938
6575.99222898483  0.9575003
6576.43118858338  0.9862592
6576.87014818192  1.01179
6577.30910778046  1.019818
6577.748067379  1.002162
6578.18702697754  0.9741534
6578.62598657608  0.9690001
6579.06494617462  0.9810124
6579.50390577316  0.9847215
6579.94286537171  0.988084
6580.38182497025  0.9767151
6580.82078456879  0.9747669
6581.25974416733  0.9875298
6581.69870376587  0.9926571
6582.13766336441  0.988523
6582.57662296295  0.9844629
6583.01558256149  0.9839392
6583.45454216004  0.9917436
6583.89350175858  0.9937743
6584.33246135712  0.9972322
6584.77142095566  0.9939263
6585.2103805542  0.9863889
6585.64934015274  0.9703233
6586.08829975128  0.9677582
6586.52725934983  0.9685342
6586.96621894837  0.9766948
6587.40517854691  0.988264
6587.84413814545  0.9942278
6588.28309774399  0.9964201
6588.72205734253  0.993521
6589.16101694107  1.004487
6589.59997653961  1.007548
6590.03893613815  1.011131
6590.4778957367  1.014798
6590.91685533524  1.017982
6591.35581493378  1.00918
6591.79477453232  0.9876012
6592.23373413086  0.948761
6592.6726937294  0.932443
6593.11165332794  0.9346003
6593.55061292648  0.950132
6593.98957252503  0.967074
6594.42853212357  0.9883246
6594.86749172211  0.9943596
6595.30645132065  1.00297
6595.74541091919  1.014975
6596.18437051773  1.01942
6596.62333011627  1.015049
6597.06228971482  0.9994981
6597.50124931336  0.9905552
6597.9402089119  0.9891462
6598.37916851044  0.9908747
6598.81812810898  0.9986482
6599.25708770752  0.9979417
6599.69604730606  1.006086
6600.1350069046  1.010667
6600.57396650314  1.010586
6601.01292610169  1.006777
6601.45188570023  0.9921225
6601.89084529877  0.9880897
6602.32980489731  0.989021
6602.76876449585  0.9978628
6603.20772409439  1.011799
6603.64668369293  1.023973
6604.08564329148  1.020857
6604.52460289002  1.001534
6604.96356248856  0.9890242
6605.4025220871  0.9833112
6605.84148168564  0.9889932
6606.28044128418  1.001492
6606.71940088272  0.9986787
6607.15836048126  1.005657
6607.5973200798  1.000629
6608.03627967835  1.001148
6608.47523927689  0.9824412
6608.91419887543  0.9723184
6609.35315847397  0.9851648
6609.79211807251  0.9980102
6610.23107767105  1.003383
6610.6700372696  1.004139
6611.10899686814  1.005196
6611.54795646668  1.001065
6611.98691606522  0.9977931
6612.42587566376  1.000765
6612.8648352623  1.001895
6613.30379486084  1.001298
6613.74275445938  1.000839
6614.18171405792  1.002257
6614.62067365647  1.004076
6615.05963325501  1.00705
6615.49859285355  1.002315
6615.93755245209  0.9991284
6616.37651205063  1.002568
6616.81547164917  1.004019
6617.25443124771  0.9984342
6617.69339084625  0.9995838
6618.13235044479  1.00246
6618.57131004334  1.002836
6619.01026964188  1.001702
6619.44922924042  0.9993104
6619.88818883896  1.006738
6620.3271484375  1.001936
6620.76610803604  1.002818
6621.20506763458  1.00432
6621.64402723313  1.005825
6622.08298683167  1.006358
6622.52194643021  1.004965
6622.96090602875  1.007125
6623.39986562729  1.006904
6623.83882522583  1.004876
6624.27778482437  1.004802
6624.71674442291  0.9983376
6625.15570402146  0.9991332
6625.59466362  1.000556
6626.03362321854  0.996567
6626.47258281708  0.9930289
6626.91154241562  0.9926363
6627.35050201416  1.002304
6627.7894616127  1.003926
6628.22842121124  1.000408
6628.66738080979  1.000059
6629.10634040833  1.002187
6629.54530000687  1.002227
6629.98425960541  1.000618
6630.42321920395  0.9949254
6630.86217880249  0.9999866
6631.30113840103  1.001707
6631.74009799957  1.003996
6632.17905759812  0.9940634
6632.61801719666  0.9767773
6633.0569767952  0.9614608
6633.49593639374  0.9607371
6633.93489599228  0.97882
6634.37385559082  0.9909479
6634.81281518936  0.9883155
6635.2517747879  0.9794565
6635.69073438645  0.9903613
6636.12969398499  1.001041
6636.56865358353  1.003062
6637.00761318207  1.004324
6637.44657278061  1.003694
6637.88553237915  0.9983899
6638.32449197769  0.9944874
6638.76345157623  1.000885
6639.20241117478  0.9915678
6639.64137077332  0.9893405
6640.08033037186  0.9970656
6640.5192899704  0.9999997
6640.95824956894  0.9994767
6641.39720916748  1.00182
6641.83616876602  0.9986044
6642.27512836456  0.9916108
6642.71408796311  0.9719071
6643.15304756165  0.9634345
6643.59200716019  0.9644953
6644.03096675873  0.9851579
6644.46992635727  0.9971603
6644.90888595581  1.001875
6645.34784555435  1.004483
6645.7868051529  1.004841
6646.22576475144  1.003391
6646.66472434998  0.9991833
6647.10368394852  0.9992087
6647.54264354706  0.9998026
6647.9816031456  1.003381
6648.42056274414  0.9985635
6648.85952234268  0.9952327
6649.29848194123  0.9936181
6649.73744153977  0.9965814
6650.17640113831  0.9951901
6650.61536073685  0.9939818
6651.05432033539  0.994688
6651.49327993393  0.9975538
6651.93223953247  0.9948076
6652.37119913101  0.996883
6652.81015872955  1.001118
6653.2491183281  1.000475
6653.68807792664  0.9938151
6654.12703752518  0.998093
6654.56599712372  0.9988237
6655.00495672226  1.000282
6655.4439163208  0.9996676
6655.88287591934  0.9929839
6656.32183551788  0.9969331
6656.76079511643  0.9954458
6657.19975471497  1.002023
6657.63871431351  1.000709
6658.07767391205  0.9954754
6658.51663351059  0.9991602
6658.95559310913  1.005879
6659.39455270767  1.002649
6659.83351230622  1.002071
6660.27247190476  1.001271
6660.7114315033  1.001294
6661.15039110184  1.000872
6661.58935070038  0.9966198
6662.02831029892  1.001554
6662.46726989746  0.9826827
6662.906229496  0.9505348
6663.34518909455  0.9542584
6663.78414869309  0.9851272
6664.22310829163  1.002702
6664.66206789017  1.005393
6665.10102748871  0.9999954
6665.53998708725  0.9860485
6665.97894668579  0.9954451
6666.41790628433  1.000046
6666.85686588288  1.002955
6667.29582548142  1.005394
6667.73478507996  0.9992383
6668.1737446785  0.9939538
6668.61270427704  1.000366
6669.05166387558  0.9987163
6669.49062347412  1.001562
6669.92958307266  1.007566
6670.3685426712  1.001213
6670.80750226975  0.99524
6671.24646186829  0.9936029
6671.68542146683  0.9829696
6672.12438106537  1.00228
6672.56334066391  1.005048
6673.00230026245  1.000141
6673.44125986099  1.004483
6673.88021945954  0.9943759
6674.31917905808  1.004223
6674.75813865662  1.008558
6675.19709825516  1.008178
6675.6360578537  1.009634
6676.07501745224  1.01232
6676.51397705078  1.005732
6676.95293664932  0.9718284
6677.39189624786  0.9396016
6677.83085584641  0.9337385
6678.26981544495  0.9632975
6678.70877504349  0.9886905
6679.14773464203  1.002426
6679.58669424057  1.004275
6680.02565383911  1.004085
6680.46461343765  1.003448
6680.9035730362  1.00387
6681.34253263474  1.004783
6681.78149223328  0.9993702
6682.22045183182  1.004196
6682.65941143036  1.006966
6683.0983710289  0.9939353
6683.53733062744  0.9928179
6683.97629022598  1.000216
6684.41524982453  1.00237
6684.85420942307  0.9994065
6685.29316902161  1.005637
6685.73212862015  1.007112
6686.17108821869  0.9997623
6686.61004781723  1.004879
6687.04900741577  0.9963167
6687.48796701432  0.999392
6687.92692661286  1.009617
6688.3658862114  1.010096
6688.80484580994  1.009514
6689.24380540848  1.005569
6689.68276500702  1.001685
6690.12172460556  1.00325
6690.5606842041  1.007525
6690.99964380264  1.006791
6691.43860340119  0.9974065
6691.87756299973  0.9946513
6692.31652259827  0.9975402
6692.75548219681  0.9888583
6693.19444179535  1.001812
6693.63340139389  1.009013
6694.07236099243  1.008999
6694.51132059097  1.003569
6694.95028018951  0.9954292
6695.38923978806  0.9845154
6695.8281993866  0.9802345
6696.26715898514  0.993349
6696.70611858368  0.997385
6697.14507818222  0.9947809
6697.58403778076  0.9985327
6698.02299737931  0.9975138
6698.46195697785  0.9991957
6698.90091657639  1.003836
6699.33987617493  1.003632
6699.77883577347  0.9957257
6700.21779537201  1.003561
