# Mon 13:48:18 08-Dec-2014
begin	identify calibrated_R7000_RT560_template - Ap 1
	id	calibrated_R7000_RT560_template
	task	identify
	image	calibrated_R7000_RT560_template - Ap 1
	aperture	1
	aplow	1.
	aphigh	1.
	units	Angstroms
	features	54
	        141.86  5330.7793  5330.7774   5.0 1 1 Ne 1   600
	        165.44  5341.1395  5341.0936   5.0 1 0 Ne 1   600
	        169.54 5342.94092  5343.2838   5.0 1 0 Ne 1   600
	        300.65 5400.55617  5400.5618   5.0 1 1 Ne 1  1000
	        517.58 5495.87539   5495.872   5.0 1 1 Ne 1  2000
	        669.77 5562.74257  5562.7667   5.0 1 0 Ne 1   500
	        692.11 5572.55683   5572.548   5.0 1 1 AI
	        769.87 5606.72616   5606.732   5.0 1 1 Ne 1  2000
	        870.00 5650.71869   5650.703   5.0 1 0 Ne 1   500
	        883.45 5656.62847  5656.6587   5.0 1 0 Ne 1   500
	        959.13  5689.8801  5689.8161   5.0 1 0 AI
	       1025.92 5719.22093  5719.2255   5.0 1 1 AI(14)
	       1092.23 5748.35737   5748.299   5.0 1 0 Ne 1   500
	       1128.79 5764.41829  5764.4191   5.0 1 1 Ne 1   500
	       1219.89 5804.44574  5804.4494   5.0 1 1 Ne 1   500
	       1255.63 5820.14964  5820.1558   5.0 1 1 AI
	       1329.25 5852.49466  5852.4879   5.0 1 1 AI
	       1375.48 5872.80346  5872.8271   5.0 1 0 Ne 1   500
	       1396.23 5881.92224  5881.8952   5.0 1 0 Ne 1  1000
	       1539.42  5944.8366  5944.8342   5.0 1 1 Ne 1   500
	       1586.40 5965.47869  5965.4716   5.0 1 1 Ne 1   500
	       1733.26 6030.00279  6029.9969   5.0 1 1 AI(12)
	       1834.18 6074.34847  6074.3377   5.0 1 1 Ne 1   500
	       1883.78 6096.14034  6096.1631   5.0 1 0 Ne 1   150
	       1926.49 6114.90737   6114.923   5.0 1 0 Ne 1   500
	       1957.24 6128.41737  6128.4499   5.0 1 0 Ne 1   100
	       1990.56 6143.05658  6143.0626   5.0 1 1 Ne 1   500
	       2037.28 6163.58713  6163.5939   5.0 1 1 Ne 1  1000
	       2079.51 6182.14084   6182.148   5.0 1 1 Ne 1   150
	       2159.47 6217.27234  6217.2812   5.0 1 1 Ne 1   500
	       2271.50 6266.50009   6266.495   5.0 1 1 Ne 1   500
	       2358.63 6304.78392  6304.7889   5.0 1 1 Ne 1   700
	       2411.85 6328.16515  6328.1653   5.0 1 1 Ne 1   500
	       2426.09  6334.4249  6334.4278   5.0 1 1 Ne 1   500
	       2536.62 6382.98994  6382.9917   5.0 1 1 Ne 1  2000
	       2580.46 6402.25161   6402.246   5.0 1 1 Ne 1   100
	       2764.45 6483.09339   6483.083   5.0 1 1 Ar 2   25
	       2817.78 6506.52332  6506.5281   5.0 1 1 Ne 1  1000
	       2877.76 6532.88058 6532.88232   5.0 1 1 Ne 1   150
	       3028.16 6598.96208 6598.95313   5.0 1 1 Ne 1   600
	       3037.09 6602.88308  6602.9038   5.0 1 0 Ne 1   100
	       3117.64 6638.27588    6638.22   5.0 1 0 Ar 2   25
	       3129.98 6643.69638   6643.697   5.0 1 1 Ar 2   50
	       3208.51 6678.20372  6678.2762   5.0 1 0 Ne 1   500
	       3222.48 6684.34205   6684.293   5.0 1 0 Ne 1  1000
	       3296.91 6717.04112  6717.0428   5.0 1 1 NeI
	       3378.37 6752.83391   6752.834   5.0 1 1 Ar 1   150
	       3625.17 6861.27035   6861.269   5.0 1 1 AI
	       3647.97 6871.28959   6871.289   5.0 1 1 AI(12)
	       3780.37  6929.4601  6929.4673   5.0 1 1 Ne 1   500
	       3995.70 7024.07178  7024.0504   5.0 1 0 Ne 1   500
	       4009.76 7030.25285   7030.251   5.0 1 1 Ne 1   100
	       4014.67 7032.40717  7032.4131   5.0 1 1 Ne 1   500
	       4075.45 7059.11387  7059.1074   5.0 1 1 Ne 1   200
	function spline3
	order 3
	sample *
	naverage 1
	niterate 10
	low_reject 2.
	high_reject 2.
	grow 0.
	coefficients	10
		3.
		3.
		1.
		4093.
		778.220679354347
		878.1563974966009
		978.0308995785425
		1077.921018096746
		1177.802329801865
		1277.694760015153

