# Wed 12:14:53 30-Nov-2011
begin	identify calibrated_R7000_RT480_template - Ap 1
	id	calibrated_R7000_RT480_template
	task	identify
	image	calibrated_R7000_RT480_template - Ap 1
	aperture	1
	aplow	1.
	aphigh	1.
	units	Angstroms
	features	54
	        152.35 5330.84359  5330.7774   5.0 1 0 Ne 1   600
	        175.69 5341.09484  5341.0936   5.0 1 1 Ne 1   600
	        180.68 5343.28869  5343.2838   5.0 1 1 Ne 1   600
	        311.09  5400.5556  5400.5618   5.0 1 1 Ne 1  1000
	        528.12 5495.86287   5495.872   5.0 1 1 Ne 1  2000
	        680.59 5562.82263  5562.7667   5.0 1 0 Ne 1   500
	        702.78 5572.56898   5572.548   5.0 1 0 AI
	        780.60 5606.74425   5606.732   5.0 1 1 Ne 1  2000
	        880.70 5650.70503   5650.703   5.0 1 1 Ne 1   500
	        894.08 5656.57727  5656.6587   5.0 1 0 Ne 1   500
	        969.75 5689.80955  5689.8161   5.0 1 1 AI
	       1036.74 5719.23223  5719.2255   5.0 1 1 AI(14)
	       1102.98 5748.31937   5748.299   5.0 1 0 Ne 1   500
	       1139.61 5764.40718  5764.4191   5.0 1 1 Ne 1   500
	       1230.80  5804.4565  5804.4494   5.0 1 1 Ne 1   500
	       1266.57 5820.16597  5820.1558   5.0 1 1 AI
	       1340.15 5852.47868  5852.4879   5.0 1 1 AI
	       1386.42  5872.7994  5872.8271   5.0 1 0 Ne 1   500
	       1407.19 5881.92266  5881.8952   5.0 1 0 Ne 1  1000
	       1550.44 5944.83361  5944.8342   5.0 1 1 Ne 1   500
	       1597.51 5965.50487  5965.4716   5.0 1 0 Ne 1   500
	       1744.37 6029.99948  6029.9969   5.0 1 1 AI(12)
	       1845.33   6074.341  6074.3377   5.0 1 1 Ne 1   500
	       1895.04 6096.17068  6096.1631   5.0 1 1 Ne 1   150
	       1937.71 6114.91075   6114.923   5.0 1 1 Ne 1   500
	       1968.48 6128.42485  6128.4499   5.0 1 0 Ne 1   100
	       2001.79 6143.05489  6143.0626   5.0 1 1 Ne 1   500
	       2048.57 6163.59937  6163.5939   5.0 1 1 Ne 1  1000
	       2090.77 6182.12874   6182.148   5.0 1 0 Ne 1   150
	       2170.79 6217.27322  6217.2812   5.0 1 1 Ne 1   500
	       2282.88 6266.49778   6266.495   5.0 1 1 Ne 1   500
	       2370.08 6304.79654  6304.7889   5.0 1 1 Ne 1   700
	       2423.30 6328.16654  6328.1653   5.0 1 1 Ne 1   500
	       2437.53 6334.41798  6334.4278   5.0 1 1 Ne 1   500
	       2548.16 6383.00236  6382.9917   5.0 1 1 Ne 1  2000
	       2591.98 6402.24596   6402.246   5.0 1 1 Ne 1   100
	       2776.03 6483.07073   6483.083   5.0 1 1 Ar 2   25
	       2829.44 6506.52772  6506.5281   5.0 1 1 Ne 1  1000
	       2889.47 6532.88791 6532.88232   5.0 1 1 Ne 1   150
	       3039.91 6598.95425 6598.95313   5.0 1 1 Ne 1   600
	       3048.98 6602.93575  6602.9038   5.0 1 0 Ne 1   100
	       3129.50 6638.29802    6638.22   5.0 1 0 Ar 2   25
	       3141.75 6643.67589   6643.697   5.0 1 0 Ar 2   50
	       3220.39 6678.21081  6678.2762   5.0 1 0 Ne 1   500
	       3234.25 6684.29891   6684.293   5.0 1 1 Ne 1  1000
	       3308.80 6717.03776  6717.0428   5.0 1 1 NeI
	       3390.33 6752.84047   6752.834   5.0 1 1 Ar 1   150
	       3637.22 6861.26837   6861.269   5.0 1 1 AI
	       3660.03 6871.28841   6871.289   5.0 1 1 AI(12)
	       3792.48 6929.45793  6929.4673   5.0 1 1 Ne 1   500
	       4007.86 7024.05321  7024.0504   5.0 1 1 Ne 1   500
	       4021.98 7030.25346   7030.251   5.0 1 1 Ne 1   100
	       4026.89 7032.41279  7032.4131   5.0 1 1 Ne 1   500
	       4087.76 7059.14518  7059.1074   5.0 1 0 Ne 1   200
	function spline3
	order 3
	sample *
	naverage 1
	niterate 10
	low_reject 2.
	high_reject 2.
	grow 0.
	coefficients	10
		3.
		3.
		1.
		4093.
		777.5687289025055
		877.3953261638508
		977.2312451924076
		1077.071705586215
		1176.900112369111
		1276.776209363169

