# Thu 15:56:36 01-Dec-2011
begin	identify calibrated_I7000_RT615_template - Ap 1
	id	calibrated_I7000_RT615_template
	task	identify
	image	calibrated_I7000_RT615_template - Ap 1
	aperture	1
	aplow	1.
	aphigh	1.
	units	Angstroms
	features	34
	        169.98 6871.28609   6871.289   5.0 1 1 150 ArI S6 L6
	        272.61  6929.4372   6929.468   5.0 1 0 1000 NeS6 L6 L12
	        336.14 6965.43303    6965.43   5.0 1 1 400 ArS6 L6 L12
	        454.36 7032.41873   7032.413   5.0 1 1 1000 NeS6 L6 L12
	        515.79 7067.23129    7067.32   5.0 1 0 400 Ar(2)
	        656.65 7147.04594   7147.041   5.0 1 1 30 ArS6 L6 L12
	        704.09 7173.92665   7173.939   5.0 1 1 400 Ar(2)
	        762.40 7206.97186   7206.981   5.0 1 1 400 ArS6 L6 L12
	        829.81 7245.16887   7245.167   5.0 1 1 400 Ar(2)
	        878.82 7272.94207   7272.935   5.0 1 1 30 ArS6 L6 L12
	       1020.56 7353.26209   7353.316   5.0 1 0 100 ArL6 L12
	       1053.86 7372.12985   7372.119   5.0 1 1 400 Ar(2)
	       1074.75 7383.96711   7383.979   5.0 1 1 400 ArS6 L6 L12
	       1286.35 7503.87266   7503.867   5.0 1 1 700 Ar
	       1305.37 7514.65432   7514.651   5.0 1 1 100 ArL6 L12
	       1342.64 7535.77042  7535.7749   5.0 1 1 100 ArL6 L12
	       1517.99 7635.13123   7635.106   5.0 1 0 500 ArS6 L6 L12
	       1674.87 7724.02759    7723.98   5.0 1 0 200 Ar(2)S6 L6 L12
	       1969.68 7891.06995   7891.075   5.0 1 1 700 Ar
	       2070.49 7948.19338   7948.176   5.0 1 0 400 ArS6 L6 L12
	       2172.78 8006.15274   8006.157   5.0 1 1 200 ArL12
	       2188.03 8014.79434 8014.78516   5.0 1 1 100 ArL6 L12
	       2344.92 8103.68929   8103.692   5.0 1 1 500 ArS6 L6 L12
	       2365.33 8115.25581   8115.311   5.0 1 0 5000 Ar
	       2628.76 8264.52318   8264.522   5.0 1 1 200 Ar(2)S6 L6 L12
	       2828.29 8377.58592    8377.37   5.0 1 0 800 Ne(2)L6 L12
	       2882.34  8408.2117   8408.209   5.0 1 1 100 ArL6 L12
	       2911.27 8424.60827   8424.647   5.0 1 0 2000 ArS6 L6 L12
	       3036.12  8495.3531    8495.36   5.0 1 1 400 ArS6 L6 L12
	       3082.17 8521.44703   8521.443   5.0 1 1 2000 ArI S6 L6
	       3231.04 8605.80567   8605.776   5.0 1 0 Ar I
	       3316.78 8654.38416   8654.384   5.0 1 1 400 ArS6 L6 L12
	       3340.76 8667.97546    8667.94   5.0 1 0 Ar
	       3524.11 8771.85996    8771.86   5.0 1 1 2000 ArL12
	function spline3
	order 3
	sample *
	naverage 1
	niterate 10
	low_reject 2.
	high_reject 2.
	grow 0.
	coefficients	10
		3.
		3.
		1.
		4093.
		1000.485619203353
		1129.24565393878
		1258.078682572235
		1386.8819046334
		1515.715093341589
		1644.376749593172

