# Thu 15:46:32 01-Dec-2011
begin	identify I7000_RT615_template - Ap 1
	id	I7000_RT615_template
	task	identify
	image	I7000_RT615_template - Ap 1
	aperture	1
	aplow	1.
	aphigh	1.
	units	Angstroms
	features	34
	        221.47 6871.30891   6871.289   5.0 1 1 150 ArI S6 L6
	        319.96 6929.44429 6929.46777   5.0 1 1 
	        381.04 6965.42955    6965.43   5.0 1 1 400 ArS6 L6 L12
	        494.95 7032.41319   7032.413   5.0 1 1 1000 Ne
	        554.30 7067.24173    7067.32   5.0 1 0 400 Ar(2)
	        690.57 7147.04544 7147.04102   5.0 1 1 400 Ar(2)
	        736.55 7173.91489 7173.93896   5.0 1 1 400 Ar(2)
	        793.19 7206.97769   7206.981   5.0 1 1 100 ArL6 L12
	        858.71 7245.17124   7245.167   5.0 1 1 100 ArL6 L12
	        906.43 7272.95531   7272.935   5.0 1 1 100 ArL6 L12
	       1044.65 7353.26442   7353.316   5.0 1 0 100 ArL6 L12
	       1077.20 7372.14016   7372.119   5.0 1 1 1000 NeS6 L6 L12
	       1097.62 7383.97339   7383.979   5.0 1 1 100 ArL6 L12
	       1305.03 7503.87294   7503.867   5.0 1 1 100 ArL6 L12
	       1323.70 7514.63687   7514.651   5.0 1 1 100 ArL6 L12
	       1360.38 7535.77474   7535.775   5.0 1 1 700 Ar
	       1533.15 7635.10612   7635.106   5.0 1 1 500 ArS6 L6 L12
	       1688.37 7724.01583    7723.98   5.0 1 0 200 Ar(2)S6 L6 L12
	       1981.49 7891.06106   7891.075   5.0 1 1 700 Ar
	       2082.20 7948.19081   7948.176   5.0 1 1 200 ArL12
	       2184.61 8006.14678   8006.157   5.0 1 1 600 ArL12
	       2199.89 8014.78317   8014.785   5.0 1 1 300 NeL12
	       2357.53 8103.68361   8103.692   5.0 1 1 500 ArS6 L6 L12
	       2378.10 8115.25875   8115.311   5.0 1 0 5000 Ar
	       2644.30 8264.54231   8264.522   5.0 1 1 1000 ArS6 L6 L12
	       2847.07 8377.59623    8377.37   5.0 1 0 800 Ne(2)L6 L12
	       2902.17 8408.21775   8408.209   5.0 1 1 100 ArL6 L12
	       2931.68 8424.60257   8424.647   5.0 1 0 2000 ArS6 L6 L12
	       3059.35 8495.34685    8495.36   5.0 1 1 400 ArS6 L6 L12
	       3106.52 8521.43087   8521.443   5.0 1 1 5000 Ar
	       3259.45 8605.79285   8605.776   5.0 1 1 600 ArL12
	       3347.78 8654.37817   8654.384   5.0 1 1 800 Ne(2)L6 L12
	       3372.53 8667.97925    8667.94   5.0 1 0 Ar
	       3562.09 8771.85978    8771.86   5.0 1 1 2000 ArL6 L12
	function spline3
	order 3
	sample *
	naverage 1
	niterate 10
	low_reject 2.
	high_reject 2.
	grow 0.
	coefficients	10
		3.
		3.
		63.
		4154.999999999999
		993.410392045142
		1130.270106290239
		1263.016775716238
		1391.786346449921
		1516.230273057083
		1637.335977168292

