# Tue 20:49:45 29-Nov-2011
begin	identify R7000_RT480_template - Ap 1
	id	R7000_RT480_template
	task	identify
	image	R7000_RT480_template - Ap 1
	aperture	1
	aplow	1.
	aphigh	1.
	units	Angstroms
	features	54
	        191.54 5330.78537  5330.7774   5.0 1 1 Ne 1   600
	        214.12 5341.13349  5341.0936   5.0 1 0 Ne 1  1000
	        218.79 5343.27152  5343.2838   5.0 1 1 Ne 1  1000
	        344.02 5400.56245  5400.5618   5.0 1 1 Ne 1  1000
	        553.16 5495.88638   5495.872   5.0 1 1 Ne 1   600
	        700.46 5562.76312  5562.7667   5.0 1 1 Ne 1   500
	        722.03 5572.53913   5572.548   5.0 1 1 AI(14)
	        797.57 5606.73753   5606.732   5.0 1 1 Ne 1   500
	        894.86 5650.69829   5650.703   5.0 1 1 AI
	        907.98 5656.61721  5656.6587   5.0 1 0 Ne 1   500
	        981.61 5689.81751  5689.8161   5.0 1 1 AI(12)
	       1047.03 5719.26832  5719.2255   5.0 1 0 Ne 1   500
	       1111.66 5748.32375   5748.299   5.0 1 0 Ne 1   500
	       1147.49 5764.41444  5764.4191   5.0 1 1 Ne 1   500
	       1236.71 5804.42358  5804.4494   5.0 1 0 Ne 1   500
	       1271.84 5820.15663  5820.1558   5.0 1 1 Ne 1   500
	       1344.01  5852.4395  5852.4879   5.0 1 0 Ne 1  2000
	       1389.56 5872.79204  5872.8271   5.0 1 0 Ne 1   500
	       1410.00 5881.91575  5881.8952   5.0 1 0 Ne 1  1000
	       1551.18 5944.83097  5944.8342   5.0 1 1 Ne 1   500
	       1597.67 5965.50731  5965.4716   5.0 1 0 Ne 1   500
	       1743.02 6030.00542  6029.9969   5.0 1 1 Ne 1   500
	       1843.19 6074.33369  6074.3377   5.0 1 1 
	       1892.60 6096.16111  6096.1631   5.0 1 1 Ne 1   500
	       1935.14 6114.93556   6114.923   5.0 1 1 Ne 1   150
	       1965.81 6128.45927  6128.4499   5.0 1 1 Ne 1  2000
	       1998.96   6143.063  6143.0626   5.0 1 1 Ne 1  1000
	       2045.58 6163.58857  6163.5939   5.0 1 1 Ne 1  1000
	       2087.78 6182.14357   6182.148   5.0 1 1 Ne 1   500
	       2167.75 6217.26101  6217.2812   5.0 1 0 Ne 1  1000
	       2280.14 6266.50034   6266.495   5.0 1 1 Ne 1   500
	       2367.72 6304.77723  6304.7889   5.0 1 1 Ne 1   500
	       2421.29 6328.15022  6328.1653   5.0 1 1 Ne 1   700
	       2435.67 6334.42107  6334.4278   5.0 1 1 Ne 1   500
	       2547.28 6383.00454  6382.9917   5.0 1 1 Ne 1   500
	       2591.59 6402.25203   6402.246   5.0 1 1 Ne 1  2000
	       2778.17 6483.08019   6483.083   5.0 1 1 Ar 2   25
	       2832.45 6506.52623  6506.5281   5.0 1 1 Ne 1   100
	       2893.56 6532.87967  6532.8822   5.0 1 1 Ne 1   500
	       3047.19 6598.95744  6598.9529   5.0 1 1 Ne 1  1000
	       3056.69  6603.0315  6602.9038   5.0 1 0 Ne 1   100
	       3138.76 6638.21938    6638.22   5.0 1 1 Ne 1   500
	       3151.56 6643.69704   6643.697   5.0 1 1 Ne 1  1000
	       3232.27 6678.21628  6678.2762   5.0 1 0 Ne 1   500
	       3246.55 6684.31783   6684.293   5.0 1 0 Ar 2   35
	       3323.26 6717.04948  6717.0428   5.0 1 1 Ne 1  1000
	       3407.30 6752.83835   6752.834   5.0 1 1 Ne 1   300
	       3663.06 6861.28023   6861.269   5.0 1 1 Ar 2  100
	       3686.73 6871.28048   6871.289   5.0 1 1 Ne 1  2000
	       3824.70 6929.45598  6929.4673   5.0 1 1 Ne 1  1000
	       4050.06 7024.04188  7024.0504   5.0 1 1 Ne 1  1000
	       4064.89 7030.24874   7030.251   5.0 1 1 Ne 1   100
	       4070.06 7032.41042  7032.4131   5.0 1 1 Ne 1  1000
	       4133.97 7059.12242  7059.1074   5.0 1 1 Ne 1   100
	function spline3
	order 3
	sample *
	naverage 1
	niterate 10
	low_reject 2.
	high_reject 2.
	grow 0.
	coefficients	10
		3.
		3.
		63.
		4154.999999999999
		773.1074149674823
		879.1483305513146
		982.0878756481041
		1082.00231705285
		1178.528287194959
		1271.789693685164

