# Mon 13:45:50 08-Dec-2014
begin	identify R7000_RT560_template - Ap 1
	id	R7000_RT560_template
	task	identify
	image	R7000_RT560_template - Ap 1
	aperture	1
	aplow	1.
	aphigh	1.
	units	Angstroms
	features	54
	        186.74 5331.00314  5330.7774   5.0 1 0 Ne 1   600
	        208.22 5340.85396  5341.0936   5.0 1 0 Ne 1  1000
	        213.52 5343.28508  5343.2838   5.0 1 1 Ne 1  1000
	        338.82   5400.658  5400.5618   5.0 1 0 Ne 1  1000
	        547.61 5495.89444   5495.872   5.0 1 0 Ne 1   600
	        694.71  5562.7193  5562.7667   5.0 1 0 Ne 1   500
	        716.27 5572.49462   5572.548   5.0 1 0 AI(14)
	        791.82 5606.71651   5606.732   5.0 1 1 Ne 1   500
	        889.15 5650.71263   5650.703   5.0 1 1 AI
	        902.19 5656.60157  5656.6587   5.0 1 0 Ne 1   500
	        975.68 5689.74705  5689.8161   5.0 1 0 AI(12)
	       1041.28 5719.29327  5719.2255   5.0 1 0 Ne 1   500
	       1105.82 5748.31428   5748.299   5.0 1 1 Ne 1   500
	       1141.64 5764.40321  5764.4191   5.0 1 1 Ne 1   500
	       1230.92 5804.44824  5804.4494   5.0 1 1 Ne 1   500
	       1266.01   5820.169  5820.1558   5.0 1 1 Ne 1   500
	       1338.27 5852.49391  5852.4879   5.0 1 1 Ne 1  2000
	       1383.63 5872.75963  5872.8271   5.0 1 0 Ne 1   500
	       1404.14  5881.9172  5881.8952   5.0 1 0 Ne 1  1000
	       1545.32 5944.83393  5944.8342   5.0 1 1 Ne 1   500
	       1591.69 5965.45431  5965.4716   5.0 1 1 Ne 1   500
	       1737.14 6029.99429  6029.9969   5.0 1 1 Ne 1   500
	       1837.35 6074.33777  6074.3377   5.0 1 1 
	       1886.70 6096.13446  6096.1631   5.0 1 0 Ne 1   500
	       1929.29 6114.92749   6114.923   5.0 1 1 Ne 1   150
	       1959.98 6128.45742  6128.4499   5.0 1 1 Ne 1  2000
	       1993.13 6143.06327  6143.0626   5.0 1 1 Ne 1  1000
	       2039.72 6163.56779  6163.5939   5.0 1 0 Ne 1  1000
	       2081.98 6182.14947   6182.148   5.0 1 1 Ne 1   500
	       2161.97 6217.27036  6217.2812   5.0 1 1 Ne 1  1000
	       2274.37 6266.50423   6266.495   5.0 1 1 Ne 1   500
	       2361.97 6304.78706  6304.7889   5.0 1 1 Ne 1   500
	       2415.51 6328.14207  6328.1653   5.0 1 0 Ne 1   700
	       2429.92 6334.42469  6334.4278   5.0 1 1 Ne 1   500
	       2541.51 6382.99246  6382.9917   5.0 1 1 Ne 1   500
	       2585.81  6402.2366   6402.246   5.0 1 1 Ne 1  2000
	       2772.47 6483.09907   6483.083   5.0 1 1 Ar 2   25
	       2826.70 6506.51918  6506.5281   5.0 1 1 Ne 1   100
	       2887.81 6532.87422  6532.8822   5.0 1 1 Ne 1   500
	       3041.42  6598.9496  6598.9529   5.0 1 1 Ne 1  1000
	       3050.92 6603.02846  6602.9038   5.0 1 0 Ne 1   100
	       3133.02 6638.23021    6638.22   5.0 1 1 Ne 1   500
	       3145.80 6643.70503   6643.697   5.0 1 1 Ne 1  1000
	       3226.45 6678.20872  6678.2762   5.0 1 0 Ne 1   500
	       3240.72 6684.30303   6684.293   5.0 1 1 Ar 2   35
	       3317.40 6717.03528  6717.0428   5.0 1 1 Ne 1  1000
	       3401.43 6752.82951   6752.834   5.0 1 1 Ne 1   300
	       3657.02 6861.25322   6861.269   5.0 1 1 Ar 2  100
	       3680.79 6871.30042   6871.289   5.0 1 1 Ne 1  2000
	       3818.65 6929.46554  6929.4673   5.0 1 1 Ne 1  1000
	       4043.93 7024.09999  7024.0504   5.0 1 0 Ne 1  1000
	       4058.63 7030.25307   7030.251   5.0 1 1 Ne 1   100
	       4063.78 7032.41329  7032.4131   5.0 1 1 Ne 1  1000
	       4127.67 7059.14135  7059.1074   5.0 1 0 Ne 1   100
	function spline3
	order 3
	sample *
	naverage 1
	niterate 10
	low_reject 2.
	high_reject 2.
	grow 0.
	coefficients	10
		3.
		3.
		63.
		4154.999999999999
		773.3475864716788
		879.5664167460476
		982.5369584461867
		1082.404174189759
		1178.950869631719
		1272.356025916515

